INPUT-0	OUTPUT-0	VISIBLE-0	LATENCY-0	INPUT-1	OUTPUT-1	VISIBLE-1	LATENCY-1	INPUT-2	OUTPUT-2	VISIBLE-2	LATENCY-2	INPUT-3	OUTPUT-3	VISIBLE-3	LATENCY-3	INPUT-4	OUTPUT-4	VISIBLE-4	LATENCY-4	INPUT-5	OUTPUT-5	VISIBLE-5	LATENCY-5	INPUT-6	OUTPUT-6	VISIBLE-6	LATENCY-6	INPUT-7	OUTPUT-7	VISIBLE-7	LATENCY-7	INPUT-8	OUTPUT-8	VISIBLE-8	LATENCY-8	INPUT-9	OUTPUT-9	VISIBLE-9	LATENCY-9
1605551693773	1605551704633	0	10860	1605551694050	1605551704649	0	10599	1605551693495	1605551702640	0	9145	1605551694207	1605551700753	0	6546	1605551696448	1605551702681	0	6233	1605551692735	1605551700766	0	8031	1605551694504	1605551701665	0	7161	1605551698567	1605551703826	0	5259	1605551692793	1605551704777	0	11984	1605551693970	1605551704811	0	10841
1605551694083	1605551703724	0	9641	1605551695220	1605551701626	0	6406	1605551694232	1605551704657	0	10425	1605551694232	1605551704661	0	10429	1605551697279	1605551701656	0	4377	1605551694031	1605551704722	0	10691	1605551695863	1605551704736	0	8873	1605551698600	1605551704767	0	6167	1605551697019	1605551701716	0	4697	1605551697397	1605551701739	0	4342
1605551696734	1605551702602	0	5868	1605551697181	1605551702614	0	5433	1605551694810	1605551700739	0	5929	1605551694794	1605551702666	0	7872	1605551697888	1605551703785	0	5897	1605551694825	1605551701660	0	6835	1605551698081	1605551702698	0	4617	1605551699215	1605551701683	0	2468	1605551698311	1605551703831	0	5520	1605551698027	1605551700784	0	2757
1605551698016	1605551701620	0	3604	1605551699944	1605551703745	0	3801	1605551695220	1605551701630	0	6410	1605551695355	1605551701640	0	6285	1605551699173	1605551700756	0	1583	1605551698413	1605551702691	0	4278	1605551699534	1605551700775	0	1241	1605551699313	1605551700777	0	1464	1605551699313	1605551700782	0	1469	1605551698301	1605551702788	0	4487
1605551704201	1605551712652	0	8451	1605551702896	1605551711651	0	8755	1605551699771	1605551703765	0	3994	1605551699315	1605551703776	0	4461	1605551701448	1605551711755	0	10307	1605551698733	1605551703791	0	5058	1605551699878	1605551703818	0	3940	1605551699462	1605551702712	0	3250	1605551708160	1605551710700	0	2540	1605551698785	1605551703836	0	5051
1605551708763	1605551710613	0	1850	1605551708607	1605551710625	0	2018	1605551703864	1605551711667	0	7803	1605551703102	1605551711684	0	8582	1605551708848	1605551710650	0	1802	1605551704845	1605551711761	0	6916	1605551702679	1605551711796	0	9117	1605551703491	1605551711808	0	8317	1605551709606	1605551711818	0	2212	1605551708579	1605551710711	0	2132
1605551718703	1605551720619	0	1916	1605551714210	1605551721687	0	7477	1605551708980	1605551710637	0	1657	1605551705679	1605551712762	0	7083	1605551717640	1605551720673	0	3033	1605551708561	1605551710664	0	2103	1605551708390	1605551710675	0	2285	1605551708285	1605551710688	0	2403	1605551716097	1605551721807	0	5710	1605551709588	1605551711840	0	2252
1605551719975	1605551721679	0	1704	1605551718070	1605551720628	0	2558	1605551709973	1605551712740	0	2767	1605551708938	1605551710643	0	1705	1605551719747	1605551721764	0	2017	1605551717584	1605551720687	0	3103	1605551711517	1605551721781	0	10264	1605551717255	1605551720702	0	3447	1605551718221	1605551720712	0	2491	1605551717849	1605551721834	0	3985
1605551723400	1605551731612	0	8212	1605551724263	1605551731619	0	7356	1605551717789	1605551720652	0	2863	1605551714426	1605551721750	0	7324	1605551724966	1605551731651	0	6685	1605551719747	1605551721775	0	2028	1605551718508	1605551720694	0	2186	1605551719369	1605551721790	0	2421	1605551721829	1605551731685	0	9856	1605551717923	1605551720724	0	2801
1605551729087	1605551730632	0	1545	1605551728266	1605551730649	0	2383	1605551718387	1605551721707	0	3320	1605551718660	1605551720654	0	1994	1605551729831	1605551730715	0	884	1605551723028	1605551731655	0	8627	1605551727445	1605551731667	0	4222	1605551727935	1605551730739	0	2804	1605551727539	1605551730760	0	3221	1605551726417	1605551731698	0	5281
1605551738586	1605551741623	0	3037	1605551738415	1605551740626	0	2211	1605551723266	1605551731628	0	8362	1605551725320	1605551731634	0	6314	1605551733088	1605551741673	0	8585	1605551728015	1605551730720	0	2705	1605551728546	1605551730733	0	2187	1605551729422	1605551731676	0	2254	1605551737809	1605551740718	0	2909	1605551728923	1605551730765	0	1842
1605551739521	1605551740619	0	1098	1605551738586	1605551741637	0	3051	1605551728341	1605551730659	0	2318	1605551729992	1605551730703	0	711	1605551738418	1605551740678	0	2260	1605551738541	1605551740687	0	2146	1605551732847	1605551741702	0	8855	1605551731057	1605551741711	0	10654	1605551739007	1605551741721	0	2714	1605551734494	1605551741737	0	7243
1605551741038	1605551774625	0	33587	1605551743080	1605551751640	0	8560	1605551735596	1605551741652	0	6056	1605551739071	1605551741669	0	2598	1605551741865	1605551751691	0	9826	1605551739360	1605551741685	0	2325	1605551739426	1605551740703	0	1277	1605551738368	1605551740711	0	2343	1605551744170	1605551773839	0	29669	1605551738352	1605551740726	0	2374
1605551743318	1605551777626	0	34308	1605551744529	1605551770637	0	26108	1605551738056	1605551740642	0	2586	1605551739089	1605551740654	0	1565	1605551745333	1605551765853	0	20520	1605551742870	1605551751700	0	8830	1605551742724	1605551769718	0	26994	1605551744109	1605551766718	0	22609	1605551746266	1605551769724	0	23458	1605551743114	1605551751755	0	8641
1605551743391	1605551776647	0	33256	1605551744602	1605551773645	0	29043	1605551740984	1605551767646	0	26662	1605551741849	1605551774743	0	32894	1605551745698	1605551772781	0	27083	1605551745333	1605551765857	0	20524	1605551743117	1605551751738	0	8621	1605551745176	1605551765945	0	20769	1605551746990	1605551767730	0	20740	1605551745176	1605551766036	0	20860
1605551743645	1605551751617	0	7972	1605551745298	1605551768644	0	23346	1605551742077	1605551751657	0	9580	1605551742834	1605551751681	0	8847	1605551746103	1605551776738	0	30635	1605551745698	1605551772787	0	27089	1605551744109	1605551766715	0	22606	1605551745371	1605551769719	0	24348	1605551747470	1605551776841	0	29371	1605551746439	1605551772900	0	26461
1605551744109	1605551766629	0	22520	1605551746247	1605551767618	0	21371	1605551743391	1605551776713	0	33322	1605551744221	1605551771738	0	27517	1605551746360	1605551777736	0	31376	1605551745950	1605551768724	0	22774	1605551745164	1605551770717	0	25553	1605551747422	1605551776826	0	29404	1605551747540	1605551777829	0	30289	1605551746907	1605551770730	0	23823
1605551744602	1605551773641	0	29039	1605551746847	1605551769633	0	22786	1605551744109	1605551766642	0	22533	1605551744321	1605551776722	0	32401	1605551747585	1605551773713	0	26128	1605551746103	1605551776744	0	30641	1605551745898	1605551773774	0	27876	1605551747566	1605551751743	0	4177	1605551747563	1605551751748	0	4185	1605551748185	1605551750723	0	2538
1605551745624	1605551772644	0	27020	1605551747292	1605551777657	0	30365	1605551744529	1605551770645	0	26116	1605551744475	1605551773670	0	29195	1605551747892	1605551771765	0	23873	1605551746143	1605551770675	0	24532	1605551747066	1605551775712	0	28646	1605551748016	1605551750703	0	2687	1605551748190	1605551766725	0	18535	1605551748185	1605551767732	0	19547
1605551746099	1605551768622	0	22523	1605551747294	1605551771645	0	24351	1605551746306	1605551777686	0	31380	1605551746360	1605551777730	0	31370	1605551748029	1605551766672	0	18643	1605551747412	1605551766684	0	19272	1605551748185	1605551767724	0	19539	1605551748185	1605551767726	0	19541	1605551748274	1605551750706	0	2432	1605551748329	1605551766735	0	18406
1605551747294	1605551771639	0	24345	1605551747695	1605551772664	0	24969	1605551746951	1605551769638	0	22687	1605551747754	1605551769660	0	21906	1605551749233	1605551750685	0	1452	1605551747892	1605551771768	0	23876	1605551749221	1605551750692	0	1471	1605551748978	1605551768739	0	19761	1605551749299	1605551772873	0	23574	1605551748463	1605551777841	0	29378
1605551748179	1605551767614	0	19435	1605551748249	1605551766637	0	18388	1605551748391	1605551750669	0	2278	1605551748058	1605551768685	0	20627	1605551749557	1605551767718	0	18161	1605551748185	1605551767720	0	19535	1605551749670	1605551768734	0	19064	1605551749161	1605551772861	0	23700	1605551749383	1605551770728	0	21345	1605551749040	1605551773850	0	24810
1605551748337	1605551769623	0	21286	1605551748408	1605551775629	0	27221	1605551748408	1605551775633	0	27225	1605551748249	1605551766659	0	18410	1605551749661	1605551770651	0	20990	1605551748466	1605551750688	0	2222	1605551751748	1605551777763	0	26015	1605551749224	1605551770721	0	21497	1605551749586	1605551768751	0	19165	1605551749229	1605551769729	0	20500
1605551748463	1605551750651	0	2188	1605551748463	1605551750666	0	2203	1605551748745	1605551773656	0	24911	1605551748320	1605551772765	0	24445	1605551749688	1605551768715	0	19027	1605551748968	1605551773747	0	24779	1605551752262	1605551774819	0	22557	1605551752138	1605551774821	0	22683	1605551749682	1605551771896	0	22214	1605551749408	1605551768752	0	19344
1605551748479	1605551770612	0	22133	1605551755064	1605551782632	0	27568	1605551749071	1605551768650	0	19579	1605551748408	1605551750676	0	2268	1605551749723	1605551769663	0	19940	1605551749778	1605551769676	0	19898	1605551754586	1605551781736	0	27150	1605551752767	1605551777792	0	25025	1605551751765	1605551774828	0	23063	1605551749553	1605551771942	0	22389
1605551751784	1605551775627	0	23843	1605551755482	1605551783670	0	28188	1605551757359	1605551781638	0	24279	1605551748758	1605551770649	0	21891	1605551751925	1605551775646	0	23721	1605551751587	1605551775660	0	24073	1605551754992	1605551782689	0	27697	1605551752788	1605551775719	0	22931	1605551752788	1605551775728	0	22940	1605551751409	1605551775732	0	24323
1605551757567	1605551787629	0	30062	1605551755635	1605551787653	0	32018	1605551760632	1605551786633	0	26001	1605551749669	1605551767656	0	17987	1605551755327	1605551782669	0	27342	1605551751736	1605551774818	0	23082	1605551766279	1605551793680	0	27401	1605551754586	1605551781738	0	27152	1605551752891	1605551783978	0	31087	1605551752140	1605551774835	0	22695
1605551757729	1605551782621	0	24892	1605551758299	1605551781626	0	23327	1605551761705	1605551782642	0	20937	1605551751691	1605551775639	0	23948	1605551756671	1605551781712	0	25041	1605551752168	1605551777747	0	25579	1605551766725	1605551790730	0	24005	1605551754789	1605551785929	0	31140	1605551757062	1605551785946	0	28884	1605551755378	1605551785961	0	30583
1605551758274	1605551781615	0	23341	1605551760502	1605551794660	0	34158	1605551770115	1605551794686	0	24571	1605551755372	1605551783747	0	28375	1605551757292	1605551787760	0	30468	1605551753837	1605551782680	0	28843	1605551769681	1605551795822	0	26141	1605551755054	1605551782728	0	27674	1605551757257	1605551781755	0	24498	1605551757372	1605551782740	0	25368
1605551758312	1605551786621	0	28309	1605551760632	1605551786627	0	25995	1605551771298	1605551793633	0	22335	1605551757348	1605551782648	0	25300	1605551759103	1605551786723	0	27620	1605551755764	1605551781733	0	25969	1605551776959	1605551794733	0	17774	1605551755759	1605551787897	0	32138	1605551757475	1605551782734	0	25259	1605551757922	1605551786858	0	28936
1605551769847	1605551794619	0	24772	1605551768766	1605551793624	0	24858	1605551773076	1605551803700	0	30624	1605551763482	1605551793641	0	30159	1605551762042	1605551785855	0	23813	1605551758302	1605551786732	0	28430	1605551777240	1605551803781	0	26541	1605551765905	1605551795846	0	29941	1605551761863	1605551786845	0	24982	1605551758232	1605551781759	0	23527
1605551774113	1605551792611	0	18498	1605551771692	1605551790675	0	18983	1605551773843	1605551790687	0	16844	1605551768044	1605551792735	0	24691	1605551764714	1605551795728	0	31014	1605551762042	1605551785858	0	23816	1605551778001	1605551800760	0	22759	1605551767503	1605551793688	0	26185	1605551764891	1605551793694	0	28803	1605551764891	1605551793702	0	28811
1605551774395	1605551793613	0	19218	1605551774650	1605551791624	0	16974	1605551777958	1605551804648	0	26690	1605551768996	1605551795724	0	26728	1605551767929	1605551793665	0	25736	1605551763342	1605551794727	0	31385	1605551779610	1605551792744	0	13134	1605551769843	1605551790748	0	20905	1605551767843	1605551795853	0	28010	1605551770289	1605551792757	0	22468
1605551775112	1605551791617	0	16505	1605551775241	1605551795635	0	20394	1605551778373	1605551791636	0	13263	1605551773365	1605551790694	0	17329	1605551768728	1605551792737	0	24009	1605551774375	1605551792739	0	18364	1605551781551	1605551791714	0	10163	1605551772536	1605551791721	0	19185	1605551768351	1605551792755	0	24404	1605551770400	1605551794778	0	24378
1605551775181	1605551790618	0	15437	1605551775532	1605551804634	0	29102	1605551780021	1605551802631	0	22610	1605551775316	1605551794712	0	19396	1605551770438	1605551790698	0	20260	1605551775061	1605551790709	0	15648	1605551783086	1605551805736	0	22650	1605551775280	1605551794739	0	19459	1605551773634	1605551791726	0	18092	1605551773128	1605551790762	0	17634
1605551775189	1605551795624	0	20435	1605551779584	1605551805622	0	26038	1605551780500	1605551792733	0	12233	1605551777958	1605551804667	0	26709	1605551774810	1605551794720	0	19910	1605551775881	1605551800748	0	24867	1605551784590	1605551801678	0	17088	1605551775413	1605551804723	0	29310	1605551774360	1605551794772	0	20412	1605551773190	1605551791730	0	18540
1605551782479	1605551802621	0	20142	1605551780500	1605551792729	0	12229	1605551784910	1605551800700	0	15790	1605551780694	1605551791640	0	10946	1605551778476	1605551791646	0	13170	1605551776336	1605551793675	0	17339	1605551786484	1605551804712	0	18228	1605551780395	1605551801681	0	21286	1605551774952	1605551790753	0	15801	1605551784232	1605551804752	0	20520
1605551783903	1605551803677	0	19774	1605551784581	1605551800676	0	16095	1605551787641	1605551801635	0	13994	1605551782707	1605551802638	0	19931	1605551781576	1605551800736	0	19160	1605551777855	1605551805733	0	27878	1605551787734	1605551802684	0	14950	1605551780706	1605551792749	0	12043	1605551781131	1605551803824	0	22693	1605551789509	1605551801722	0	12213
1605551785430	1605551804611	0	19181	1605551790799	1605551801618	0	10819	1605551791747	1605551805650	0	13903	1605551784649	1605551805679	0	21030	1605551783509	1605551802644	0	19135	1605551782180	1605551791681	0	9501	1605551794547	1605551813734	0	19187	1605551783300	1605551803786	0	20486	1605551782584	1605551805750	0	23166	1605551791006	1605551803836	0	12830
1605551785895	1605551805615	0	19720	1605551790901	1605551803684	0	12783	1605551794157	1605551811674	0	17517	1605551787672	1605551801653	0	13981	1605551784147	1605551803734	0	19587	1605551782564	1605551804689	0	22125	1605551796959	1605551811725	0	14766	1605551783693	1605551800774	0	17081	1605551787333	1605551804733	0	17400	1605551793903	1605551800815	0	6912
1605551791750	1605551801603	0	9853	1605551791718	1605551802627	0	10909	1605551798858	1605551810662	0	11804	1605551789194	1605551803711	0	14517	1605551784482	1605551805716	0	21234	1605551788644	1605551802651	0	14007	1605551804288	1605551810687	0	6399	1605551785279	1605551805746	0	20467	1605551788890	1605551802706	0	13816	1605551794807	1605551811744	0	16937
1605551793412	1605551813644	0	20232	1605551796372	1605551812638	0	16266	1605551799734	1605551813665	0	13931	1605551790413	1605551800726	0	10313	1605551793247	1605551804683	0	11436	1605551789866	1605551801661	0	11795	1605551809880	1605551812744	0	2864	1605551788661	1605551802692	0	14031	1605551789061	1605551801694	0	12633	1605551798232	1605551805768	0	7536
1605551805767	1605551810622	0	4855	1605551798858	1605551810638	0	11780	1605551800655	1605551812647	0	11992	1605551792942	1605551813679	0	20737	1605551799834	1605551801656	0	1822	1605551793875	1605551803761	0	9886	1605551812383	1605551821746	0	9363	1605551793820	1605551813748	0	19928	1605551790763	1605551800790	0	10027	1605551798739	1605551802725	0	3986
1605551806373	1605551811616	0	5243	1605551799734	1605551813658	0	13924	1605551803992	1605551821694	0	17702	1605551798314	1605551810670	0	12356	1605551800909	1605551810677	0	9768	1605551801579	1605551811717	0	10138	1605551817960	1605551820733	0	2773	1605551797356	1605551811732	0	14376	1605551795780	1605551810700	0	14920	1605551803651	1605551810717	0	7066
1605551809000	1605551812616	0	3616	1605551803624	1605551811662	0	8038	1605551817693	1605551820685	0	2992	1605551803601	1605551811694	0	8093	1605551802588	1605551811700	0	9112	1605551804320	1605551810684	0	6364	1605551827425	1605551830648	0	3223	1605551803071	1605551810694	0	7623	1605551798675	1605551811741	0	13066	1605551807400	1605551812763	0	5363
1605551816141	1605551821626	0	5485	1605551812230	1605551821661	0	9431	1605551827205	1605551830613	0	3408	1605551807047	1605551812697	0	5650	1605551806040	1605551812713	0	6673	1605551805198	1605551813718	0	8520	1605551835130	1605551841634	0	6504	1605551806968	1605551812750	0	5782	1605551803936	1605551813785	0	9849	1605551809300	1605551813798	0	4498
1605551819787	1605551820642	0	855	1605551818616	1605551820681	0	2065	1605551837512	1605551840628	0	3116	1605551816362	1605551821718	0	5356	1605551807035	1605551813695	0	6660	1605551807839	1605551812722	0	4883	1605551838670	1605551840688	0	2018	1605551813012	1605551821750	0	8738	1605551807400	1605551812758	0	5358	1605551815185	1605551821771	0	6586
1605551827351	1605551830603	0	3252	1605551827205	1605551830608	0	3403	1605551839985	1605551841612	0	1627	1605551817938	1605551820718	0	2780	1605551813564	1605551821723	0	8159	1605551813336	1605551821734	0	8398	1605551847858	1605551850649	0	2791	1605551817952	1605551820735	0	2783	1605551811458	1605551821759	0	10301	1605551818036	1605551820768	0	2732
1605551834793	1605551841603	0	6810	1605551836983	1605551841606	0	4623	1605551848030	1605551850625	0	2595	1605551829359	1605551830620	0	1261	1605551814401	1605551820723	0	6322	1605551817996	1605551820727	0	2731	1605551848862	1605551851745	0	2883	1605551827425	1605551830652	0	3227	1605551818585	1605551820743	0	2158	1605551827570	1605551830672	0	3102
1605551837688	1605551840598	0	2910	1605551837946	1605551840616	0	2670	1605551849535	1605551851696	0	2161	1605551833758	1605551841617	0	7859	1605551827824	1605551830624	0	2800	1605551827384	1605551830629	0	3245	1605551858407	1605551860634	0	2227	1605551835762	1605551841651	0	5889	1605551827408	1605551830663	0	3255	1605551830633	1605551841663	0	11030
1605551848274	1605551850613	0	2339	1605551845539	1605551851667	0	6128	1605551853988	1605551861640	0	7652	1605551837424	1605551840635	0	3211	1605551831588	1605551841620	0	10032	1605551836959	1605551841626	0	4667	1605551859587	1605551861666	0	2079	1605551837098	1605551840699	0	3601	1605551837006	1605551840707	0	3701	1605551836337	1605551840717	0	4380
