TIME	THROUGHPUT	PART-0	PART-1	PART-2	PART-3	PART-4	PART-5	PART-6	PART-7	PART-8	PART-9
1605551697471	10128	1046	1046	1045	1005	984	983	983	999	1016	1016
1605551698520	3774	353	353	352	351	351	351	377	395	392	492
1605551700757	1508	82	101	109	183	185	188	189	175	169	122
1605551700806	57163	6020	5693	5428	2693	4204	4918	6918	5551	7530	8204
1605551701490	53614	5530	5488	5447	5483	5384	5372	5190	5295	5219	5201
1605551702499	39944	3914	3995	4010	3983	4008	3950	4028	4020	4002	4028
1605551703489	10070	1148	1064	1072	1046	1006	1036	950	950	921	873
1605551704491	8178	775	793	793	809	824	821	835	841	840	844
1605551705478	1949	238	219	219	203	188	192	177	171	171	167
1605551706469	0	0	0	0	0	0	0	0	0	0	0
1605551707469	0	0	0	0	0	0	0	0	0	0	0
1605551708517	0	0	0	0	0	0	0	0	0	0	0
1605551709513	0	0	0	0	0	0	0	0	0	0	0
1605551710514	16260	1465	1489	1495	1503	1587	1590	1676	1799	1827	1826
1605551711501	56746	5702	5746	5759	5810	5752	5738	5666	5540	5513	5515
1605551712485	38759	3985	3935	3918	3865	3843	3849	3840	3839	3839	3840
1605551713472	995	123	108	105	96	94	95	94	94	94	90
1605551714469	0	0	0	0	0	0	0	0	0	0	0
1605551715476	0	0	0	0	0	0	0	0	0	0	0
1605551716497	0	0	0	0	0	0	0	0	0	0	0
1605551717485	0	0	0	0	0	0	0	0	0	0	0
1605551718506	0	0	0	0	0	0	0	0	0	0	0
1605551719528	0	0	0	0	0	0	0	0	0	0	0
1605551720472	22753	1832	2070	2084	2110	2151	2353	2405	2487	2568	2687
1605551721478	74518	7779	7556	7573	7558	7522	7348	7414	7337	7265	7161
1605551722535	10079	1091	1089	1060	1054	1050	1036	927	929	923	915
1605551723470	0	0	0	0	0	0	0	0	0	0	0
1605551724482	0	0	0	0	0	0	0	0	0	0	0
1605551725469	0	0	0	0	0	0	0	0	0	0	0
1605551726476	0	0	0	0	0	0	0	0	0	0	0
1605551727496	0	0	0	0	0	0	0	0	0	0	0
1605551728470	0	0	0	0	0	0	0	0	0	0	0
1605551729488	0	0	0	0	0	0	0	0	0	0	0
1605551730480	19617	1737	1793	1802	1881	1995	2051	2046	2070	2100	2138
1605551731499	64467	6453	6410	6514	6562	6460	6406	6412	6437	6413	6397
1605551732479	25351	2754	2743	2628	2495	2487	2484	2484	2433	2428	2409
1605551733487	0	0	0	0	0	0	0	0	0	0	0
1605551734469	0	0	0	0	0	0	0	0	0	0	0
1605551735506	0	0	0	0	0	0	0	0	0	0	0
1605551736542	0	0	0	0	0	0	0	0	0	0	0
1605551737497	0	0	0	0	0	0	0	0	0	0	0
1605551738471	0	0	0	0	0	0	0	0	0	0	0
1605551739469	0	0	0	0	0	0	0	0	0	0	0
1605551740480	12145	996	1028	1079	1110	1153	1270	1230	1390	1413	1472
1605551741474	82614	8271	8338	8317	8299	8330	8247	8287	8105	8228	8187
1605551742485	14590	1668	1568	1538	1526	1451	1418	1417	1436	1291	1273
1605551743476	0	0	0	0	0	0	0	0	0	0	0
1605551744523	0	0	0	0	0	0	0	0	0	0	0
1605551745486	0	0	0	0	0	0	0	0	0	0	0
1605551746473	0	0	0	0	0	0	0	0	0	0	0
1605551747479	0	0	0	0	0	0	0	0	0	0	0
1605551748533	0	0	0	0	0	0	0	0	0	0	0
1605551749507	0	0	0	0	0	0	0	0	0	0	0
1605551750469	15995	1372	1511	1538	1568	1568	1660	1694	1638	1721	1722
1605551751475	69109	6865	6760	6757	6921	6969	6930	6942	7014	6968	6979
1605551752469	26470	2912	2886	2862	2663	2618	2568	2524	2503	2472	2458
1605551753517	0	0	0	0	0	0	0	0	0	0	0
1605551754470	0	0	0	0	0	0	0	0	0	0	0
1605551755530	0	0	0	0	0	0	0	0	0	0	0
1605551756562	0	0	0	0	0	0	0	0	0	0	0
1605551757555	0	0	0	0	0	0	0	0	0	0	0
1605551758508	0	0	0	0	0	0	0	0	0	0	0
1605551759470	0	0	0	0	0	0	0	0	0	0	0
1605551760470	0	0	0	0	0	0	0	0	0	0	0
1605551761478	0	0	0	0	0	0	0	0	0	0	0
1605551762495	0	0	0	0	0	0	0	0	0	0	0
1605551763531	0	0	0	0	0	0	0	0	0	0	0
1605551764477	0	0	0	0	0	0	0	0	0	0	0
1605551765534	0	0	0	0	0	0	0	0	0	0	0
1605551766469	2695	255	253	256	250	258	272	273	287	287	298
1605551767470	9940	1004	1005	1004	1013	1004	994	988	975	980	968
1605551768496	18137	1790	1793	1791	1787	1791	1791	1793	1861	1863	1873
1605551769489	22522	2242	2247	2252	2248	2247	2277	2282	2222	2226	2272
1605551770489	23992	2427	2419	2416	2422	2417	2387	2382	2375	2388	2359
1605551771582	10407	1043	1045	1048	1043	1050	1048	1048	1046	1027	1004
1605551772471	3049	291	292	304	311	308	308	308	308	308	308
1605551773469	3315	320	347	334	330	329	330	329	330	330	330
1605551774485	3507	375	348	347	347	348	348	348	348	347	347
1605551775469	10380	1001	1040	1042	1043	1039	1042	1042	1042	1042	1041
1605551776471	3593	397	355	354	356	356	355	355	355	354	354
1605551777483	3677	345	356	361	360	362	365	375	373	375	400
1605551778537	4733	493	483	480	480	478	474	465	467	466	443
1605551779483	0	0	0	0	0	0	0	0	0	0	0
1605551780469	0	0	0	0	0	0	0	0	0	0	0
1605551781472	11997	1165	1183	1206	1202	1204	1206	1205	1208	1206	1208
1605551782501	32658	3282	3264	3242	3244	3270	3270	3269	3267	3274	3273
1605551783473	13009	1317	1319	1318	1318	1291	1290	1292	1289	1287	1283
1605551784473	349	36	35	35	35	35	35	35	35	34	34
1605551785505	0	0	0	0	0	0	0	0	0	0	0
1605551786470	3274	323	323	323	323	323	323	323	323	323	364
1605551787501	4488	427	428	457	458	459	458	458	458	458	420
1605551788482	559	82	81	49	49	48	48	49	49	48	48
1605551789563	0	0	0	0	0	0	0	0	0	0	0
1605551790496	0	0	0	0	0	0	0	0	0	0	0
1605551791477	36718	3640	3656	3656	3657	3659	3660	3664	3667	3703	3752
1605551792493	40776	3971	4010	4003	4005	4029	4093	4121	4127	4193	4218
1605551793470	49215	4977	4968	5005	5011	4986	4932	4910	4902	4797	4723
1605551794542	52129	5198	5207	5200	5201	5225	5217	5216	5220	5221	5221
1605551795500	14700	1533	1475	1454	1444	1467	1461	1450	1450	1480	1481
1605551796472	1221	160	160	160	157	109	110	108	104	75	75
1605551797469	0	0	0	0	0	0	0	0	0	0	0
1605551798480	0	0	0	0	0	0	0	0	0	0	0
1605551799469	0	0	0	0	0	0	0	0	0	0	0
1605551800486	0	0	0	0	0	0	0	0	0	0	0
1605551801475	25693	2512	2533	2569	2567	2569	2574	2574	2590	2591	2610
1605551802474	38223	3859	3840	3821	3824	3821	3817	3817	3801	3816	3799
1605551803476	49874	4873	4923	4821	4938	4977	5019	5052	5077	5068	5121
1605551804473	39811	4080	4025	4130	4014	3971	3928	3900	3932	3925	3901
1605551805476	20109	2029	2031	2031	2031	2032	2035	2028	1971	1974	1941
1605551806498	3345	351	351	330	331	331	329	332	330	327	327
1605551807501	0	0	0	0	0	0	0	0	0	0	0
1605551808469	0	0	0	0	0	0	0	0	0	0	0
1605551809504	0	0	0	0	0	0	0	0	0	0	0
1605551810469	21090	1815	1831	1863	1950	2052	2112	2245	2213	2426	2578
1605551811519	67821	6669	6731	6844	6892	6893	6846	6742	6907	6731	6561
1605551812469	53292	5680	5636	5487	5373	5270	5257	5238	5124	5087	5135
1605551813485	10195	1085	1048	1041	1014	1013	1014	1013	983	996	984
1605551814469	2401	239	239	240	239	239	239	239	239	240	240
1605551815491	0	0	0	0	0	0	0	0	0	0	0
1605551816469	0	0	0	0	0	0	0	0	0	0	0
1605551817487	0	0	0	0	0	0	0	0	0	0	0
1605551818476	0	0	0	0	0	0	0	0	0	0	0
1605551819474	0	0	0	0	0	0	0	0	0	0	0
1605551820509	22800	1922	1974	2163	2273	2295	2380	2406	2404	2456	2522
1605551821469	70577	7277	7340	7136	7022	7000	6909	6973	6984	6964	6967
1605551822505	47494	4904	4791	4792	4788	4786	4787	4700	4693	4660	4588
1605551823482	0	0	0	0	0	0	0	0	0	0	0
1605551824479	0	0	0	0	0	0	0	0	0	0	0
1605551825514	0	0	0	0	0	0	0	0	0	0	0
1605551826480	0	0	0	0	0	0	0	0	0	0	0
1605551827478	0	0	0	0	0	0	0	0	0	0	0
1605551828591	0	0	0	0	0	0	0	0	0	0	0
1605551829489	0	0	0	0	0	0	0	0	0	0	0
1605551830491	25735	2253	2317	2421	2420	2435	2482	2644	2884	2925	2952
1605551831472	86652	8904	8850	8737	8764	8771	8752	8646	8405	8372	8448
1605551832476	4030	487	478	485	460	437	408	350	347	337	239
1605551833478	0	0	0	0	0	0	0	0	0	0	0
1605551834474	0	0	0	0	0	0	0	0	0	0	0
1605551835494	0	0	0	0	0	0	0	0	0	0	0
1605551836475	0	0	0	0	0	0	0	0	0	0	0
1605551837514	0	0	0	0	0	0	0	0	0	0	0
1605551838482	0	0	0	0	0	0	0	0	0	0	0
1605551839488	0	0	0	0	0	0	0	0	0	0	0
1605551840486	27780	2494	2723	2724	2756	2771	2784	2861	2860	2833	2968
1605551841486	72367	7454	7248	7249	7223	7229	7220	7156	7187	7204	7197
1605551842494	6607	727	704	701	694	674	670	658	627	637	509
1605551843498	0	0	0	0	0	0	0	0	0	0	0
1605551844550	0	0	0	0	0	0	0	0	0	0	0
1605551845505	0	0	0	0	0	0	0	0	0	0	0
1605551846472	0	0	0	0	0	0	0	0	0	0	0
1605551847475	0	0	0	0	0	0	0	0	0	0	0
1605551848563	0	0	0	0	0	0	0	0	0	0	0
1605551849566	0	0	0	0	0	0	0	0	0	0	0
1605551850469	17455	1149	1476	1601	1708	1853	1903	1869	1942	1950	2000
1605551851496	84611	8859	8648	8502	8488	8397	8354	8382	8336	8341	8298
1605551852500	6514	778	703	737	656	620	619	620	601	589	587
1605551853476	0	0	0	0	0	0	0	0	0	0	0
1605551854478	0	0	0	0	0	0	0	0	0	0	0
1605551855469	0	0	0	0	0	0	0	0	0	0	0
1605551856549	0	0	0	0	0	0	0	0	0	0	0
1605551857472	0	0	0	0	0	0	0	0	0	0	0
1605551858472	0	0	0	0	0	0	0	0	0	0	0
1605551859473	0	0	0	0	0	0	0	0	0	0	0
1605551860469	18095	1546	1676	1681	1698	1754	1761	1940	1982	2025	2028
1605551861514	72197	7400	7277	7275	7288	7235	7258	7145	7106	7106	7104
1605551862469	20462	2122	2122	2120	2085	2087	2053	1989	1988	1946	1945
1605551863469	0	0	0	0	0	0	0	0	0	0	0
1605551864469	0	0	0	0	0	0	0	0	0	0	0
1605551865469	0	0	0	0	0	0	0	0	0	0	0
1605551866469	0	0	0	0	0	0	0	0	0	0	0
