INPUT-0	OUTPUT-0	VISIBLE-0	LATENCY-0	INPUT-1	OUTPUT-1	VISIBLE-1	LATENCY-1	INPUT-2	OUTPUT-2	VISIBLE-2	LATENCY-2	INPUT-3	OUTPUT-3	VISIBLE-3	LATENCY-3	INPUT-4	OUTPUT-4	VISIBLE-4	LATENCY-4
1605545483486	1605545484182	0	696	1605545477454	1605545480158	0	2704	1605545478177	1605545481173	0	2996	1605545476876	1605545480241	0	3365	1605545477577	1605545480242	0	2665
1605545486212	1605545487108	0	896	1605545479001	1605545481167	0	2166	1605545481965	1605545483194	0	1229	1605545478414	1605545481180	0	2766	1605545478967	1605545481227	0	2260
1605545492027	1605545493143	0	1116	1605545479952	1605545482169	0	2217	1605545483041	1605545484236	0	1195	1605545482484	1605545483236	0	752	1605545482358	1605545483262	0	904
1605545496689	1605545497136	0	447	1605545482569	1605545483173	0	604	1605545485982	1605545487165	0	1183	1605545490185	1605545491409	0	1224	1605545484411	1605545485296	0	885
1605545497671	1605545498140	0	469	1605545483324	1605545484235	0	911	1605545491498	1605545493244	0	1746	1605545491306	1605545492252	0	946	1605545490959	1605545492291	0	1332
1605545498682	1605545500148	0	1466	1605545485592	1605545487143	0	1551	1605545493049	1605545494207	0	1158	1605545493745	1605545494245	0	500	1605545492254	1605545493346	0	1092
1605545506053	1605545507169	0	1116	1605545497469	1605545498155	0	686	1605545494867	1605545496251	0	1384	1605545494325	1605545495287	0	962	1605545492675	1605545494249	0	1574
1605545506778	1605545508172	0	1394	1605545500618	1605545501153	0	535	1605545502177	1605545503163	0	986	1605545495338	1605545496259	0	921	1605545497143	1605545498292	0	1149
1605545509614	1605545511126	0	1512	1605545502167	1605545503147	0	980	1605545506943	1605545508239	0	1296	1605545503516	1605545507314	0	3798	1605545497664	1605545499363	0	1699
1605545515902	1605545517114	0	1212	1605545504830	1605545505172	0	342	1605545508320	1605545509224	0	904	1605545507081	1605545508247	0	1166	1605545499380	1605545500352	0	972
1605545520053	1605545521108	0	1055	1605545507363	1605545508207	0	844	1605545509052	1605545510224	0	1172	1605545507285	1605545509275	0	1990	1605545500244	1605545501260	0	1016
1605545522349	1605545523138	0	789	1605545508638	1605545509182	0	544	1605545511756	1605545512223	0	467	1605545510770	1605545511259	0	489	1605545501942	1605545503258	0	1316
1605545524525	1605545525295	0	770	1605545508938	1605545510186	0	1248	1605545512403	1605545513227	0	824	1605545514721	1605545515270	0	549	1605545506491	1605545508271	0	1780
1605545525999	1605545527128	0	1129	1605545510046	1605545511187	0	1141	1605545516972	1605545518189	0	1217	1605545516481	1605545517185	0	704	1605545513479	1605545514336	0	857
1605545529603	1605545531139	0	1536	1605545511620	1605545512182	0	562	1605545517011	1605545517177	0	166	1605545517289	1605545518238	0	949	1605545516310	1605545517207	0	897
1605545529760	1605545553162	0	23402	1605545512225	1605545513179	0	954	1605545518479	1605545519203	0	724	1605545518537	1605545519211	0	674	1605545519610	1605545520313	0	703
1605545529835	1605545530092	0	257	1605545516909	1605545518188	0	1279	1605545525248	1605545526220	0	972	1605545521078	1605545522276	0	1198	1605545521038	1605545522296	0	1258
1605545531526	1605545554137	0	22611	1605545521309	1605545522193	0	884	1605545527681	1605545528230	0	549	1605545522613	1605545524310	0	1697	1605545523384	1605545524319	0	935
1605545531866	1605545533147	0	1281	1605545526482	1605545527135	0	653	1605545530169	1605545531241	0	1072	1605545524080	1605545525429	0	1349	1605545525637	1605545526248	0	611
1605545532583	1605545556124	0	23541	1605545529218	1605545553246	0	24028	1605545530739	1605545553270	0	22531	1605545525393	1605545526231	0	838	1605545526662	1605545527233	0	571
1605545534063	1605545535138	0	1075	1605545529861	1605545530104	0	243	1605545531751	1605545532208	0	457	1605545526079	1605545527223	0	1144	1605545527084	1605545528334	0	1250
1605545536013	1605545537110	0	1097	1605545531256	1605545555148	0	23892	1605545534641	1605545535233	0	592	1605545529381	1605545530194	0	813	1605545528201	1605545552364	0	24163
1605545560528	1605545582102	0	21574	1605545533200	1605545554163	0	20963	1605545537349	1605545557227	0	19878	1605545530813	1605545532247	0	1434	1605545528899	1605545530209	0	1310
1605545563198	1605545585106	0	21908	1605545536259	1605545537145	0	886	1605545537829	1605545558245	0	20416	1605545533796	1605545554235	0	20439	1605545529261	1605545553357	0	24096
1605545564093	1605545583099	0	19006	1605545537236	1605545556159	0	18923	1605545540363	1605545560165	0	19802	1605545534467	1605545556251	0	21784	1605545533828	1605545554241	0	20413
1605545564123	1605545572126	0	8003	1605545540131	1605545560164	0	20033	1605545542090	1605545561183	0	19093	1605545536714	1605545557242	0	20528	1605545533956	1605545555306	0	21350
1605545567642	1605545576131	0	8489	1605545540275	1605545561171	0	20896	1605545542490	1605545563240	0	20750	1605545545896	1605545562273	0	16377	1605545534040	1605545534310	0	270
1605545569597	1605545577087	0	7490	1605545546641	1605545564157	0	17516	1605545549740	1605545567201	0	17461	1605545548372	1605545563271	0	14899	1605545535099	1605545556266	0	21167
1605545571098	1605545586133	0	15035	1605545546846	1605545567177	0	20331	1605545553864	1605545570197	0	16333	1605545551166	1605545570241	0	19075	1605545535442	1605545536338	0	896
1605545574447	1605545588146	0	13699	1605545547005	1605545565189	0	18184	1605545554325	1605545571210	0	16885	1605545554816	1605545574281	0	19465	1605545536757	1605545557244	0	20487
1605545578310	1605545593128	0	14818	1605545549142	1605545563211	0	14069	1605545555465	1605545575202	0	19737	1605545555960	1605545567214	0	11254	1605545538849	1605545560265	0	21416
1605545578433	1605545590128	0	11695	1605545555975	1605545566176	0	10201	1605545555522	1605545566200	0	10678	1605545557247	1605545573278	0	16031	1605545540985	1605545558350	0	17365
1605545584615	1605545594127	0	9512	1605545559167	1605545580189	0	21022	1605545556656	1605545574221	0	17565	1605545557528	1605545568200	0	10672	1605545545301	1605545563277	0	17976
1605545588337	1605545589157	0	820	1605545559659	1605545568184	0	8525	1605545557617	1605545568190	0	10573	1605545559906	1605545581304	0	21398	1605545546517	1605545561253	0	14736
1605545594155	1605545595136	0	981	1605545560661	1605545577101	0	16440	1605545559676	1605545581255	0	21579	1605545560301	1605545577129	0	16828	1605545548159	1605545566274	0	18115
1605545595753	1605545610089	0	14336	1605545560744	1605545570158	0	9414	1605545560892	1605545583121	0	22229	1605545560709	1605545579248	0	18539	1605545556275	1605545576285	0	20010
1605545598999	1605545612132	0	13133	1605545563960	1605545581203	0	17243	1605545561513	1605545580247	0	18734	1605545564539	1605545571219	0	6680	1605545556880	1605545577137	0	20257
1605545599152	1605545600140	0	988	1605545564693	1605545587231	0	22538	1605545565379	1605545588233	0	22854	1605545564567	1605545587312	0	22745	1605545559082	1605545581327	0	22245
1605545601742	1605545602142	0	400	1605545568290	1605545590139	0	21849	1605545566865	1605545585205	0	18340	1605545569143	1605545585239	0	16096	1605545559319	1605545575310	0	15991
1605545602436	1605545614126	0	11690	1605545568428	1605545576183	0	7755	1605545568476	1605545584305	0	15829	1605545573839	1605545578292	0	4453	1605545560274	1605545570255	0	9981
1605545607947	1605545609128	0	1181	1605545569301	1605545575181	0	5880	1605545568534	1605545576184	0	7650	1605545574383	1605545590207	0	15824	1605545566790	1605545583209	0	16419
1605545608918	1605545619141	0	10223	1605545574355	1605545578190	0	3835	1605545570403	1605545577114	0	6711	1605545577105	1605545580288	0	3183	1605545568471	1605545584398	0	15927
1605545614336	1605545623101	0	8765	1605545575999	1605545579192	0	3193	1605545570840	1605545586230	0	15390	1605545581909	1605545593230	0	11321	1605545571256	1605545586336	0	15080
1605545614746	1605545615128	0	382	1605545579590	1605545594173	0	14583	1605545575621	1605545595220	0	19599	1605545586880	1605545596258	0	9378	1605545571313	1605545588304	0	16991
1605545615370	1605545616095	0	725	1605545581144	1605545583109	0	1965	1605545589693	1605545591229	0	1536	1605545587092	1605545588253	0	1161	1605545572883	1605545589360	0	16477
1605545615974	1605545617136	0	1162	1605545583606	1605545585161	0	1555	1605545593049	1605545600179	0	7130	1605545587935	1605545599249	0	11314	1605545573842	1605545590232	0	16390
1605545617018	1605545618142	0	1124	1605545585083	1605545586210	0	1127	1605545594047	1605545601205	0	7158	1605545589423	1605545605200	0	15777	1605545575418	1605545579258	0	3840
1605545619728	1605545620141	0	413	1605545587741	1605545599159	0	11418	1605545595702	1605545602190	0	6488	1605545590123	1605545591234	0	1111	1605545576396	1605545595270	0	18874
1605545621743	1605545622142	0	399	1605545588468	1605545598158	0	9690	1605545596017	1605545597161	0	1144	1605545590740	1605545601222	0	10482	1605545576564	1605545580291	0	3727
1605545623351	1605545624102	0	751	1605545592179	1605545593159	0	980	1605545597014	1605545598204	0	1190	1605545591637	1605545592260	0	623	1605545577229	1605545596273	0	19044
1605545623480	1605545625147	0	1667	1605545592705	1605545600152	0	7447	1605545601281	1605545605178	0	3897	1605545593831	1605545594231	0	400	1605545578385	1605545593246	0	14861
1605545629675	1605545631172	0	1497	1605545596086	1605545597158	0	1072	1605545604984	1605545607211	0	2227	1605545594208	1605545595233	0	1025	1605545584975	1605545602268	0	17293
1605545630924	1605545632116	0	1192	1605545600721	1605545602151	0	1430	1605545605756	1605545616172	0	10416	1605545597398	1605545598244	0	846	1605545586569	1605545587344	0	775
1605545633342	1605545634125	0	783	1605545601104	1605545605162	0	4058	1605545609583	1605545610123	0	540	1605545600978	1605545613236	0	12258	1605545589763	1605545591244	0	1481
1605545634466	1605545636129	0	1663	1605545604581	1605545615164	0	10583	1605545610126	1605545611238	0	1112	1605545609758	1605545612270	0	2512	1605545590265	1605545601245	0	10980
1605545635797	1605545638132	0	2335	1605545607084	1605545608179	0	1095	1605545611372	1605545613224	0	1852	1605545614885	1605545615241	0	356	1605545596211	1605545597244	0	1033
1605545638488	1605545639099	0	611	1605545608946	1605545610120	0	1174	1605545613364	1605545623201	0	9837	1605545618337	1605545619287	0	950	1605545597958	1605545599251	0	1293
1605545641453	1605545642140	0	687	1605545610571	1605545612175	0	1604	1605545613440	1605545614235	0	795	1605545622195	1605545623254	0	1059	1605545598425	1605545600250	0	1825
1605545642240	1605545644110	0	1870	1605545612564	1605545614196	0	1632	1605545614992	1605545615195	0	203	1605545625239	1605545626250	0	1011	1605545600511	1605545604347	0	3836
1605545643872	1605545645107	0	1235	1605545614198	1605545623156	0	8958	1605545617977	1605545619239	0	1262	1605545626421	1605545627264	0	843	1605545606321	1605545607279	0	958
1605545645379	1605545647121	0	1742	1605545615384	1605545624149	0	8765	1605545621367	1605545622182	0	815	1605545627307	1605545632227	0	4920	1605545607354	1605545608285	0	931
