TIME	THROUGHPUT	PART-0	PART-1	PART-2	PART-3	PART-4
1605545480852	1230	228	249	252	249	251
1605545481826	885	194	175	172	173	169
1605545482798	684	144	137	135	131	134
1605545483801	760	146	149	151	156	156
1605545484793	429	90	87	87	82	80
1605545485802	667	130	130	131	132	141
1605545486797	478	92	93	93	104	94
1605545487793	566	116	117	116	104	111
1605545488806	607	109	113	120	132	131
1605545489797	526	121	114	104	91	94
1605545490814	680	122	129	136	149	141
1605545491817	632	125	129	126	121	128
1605545492800	662	147	132	130	130	122
1605545493805	841	166	174	168	166	167
1605545494807	491	97	92	97	97	104
1605545495793	601	117	123	117	118	123
1605545496793	529	111	104	111	104	99
1605545497835	799	155	161	156	166	159
1605545498797	591	121	114	118	115	121
1605545499802	686	132	138	138	138	139
1605545500793	692	134	141	142	134	140
1605545501800	626	138	126	121	126	115
1605545502802	729	133	138	148	151	156
1605545503793	737	158	152	146	140	140
1605545504795	353	67	69	70	75	68
1605545505810	167	34	40	35	28	28
1605545506800	1384	271	269	274	275	292
1605545507832	1037	207	210	208	213	198
1605545508819	1014	205	202	204	200	200
1605545509853	761	143	147	152	155	162
1605545510801	840	181	169	164	166	158
1605545511795	869	169	176	174	175	175
1605545512836	524	98	100	101	111	111
1605545513808	985	204	203	196	190	190
1605545514816	510	103	102	108	98	99
1605545515815	562	109	111	111	116	115
1605545516793	489	101	100	96	95	97
1605545517798	940	188	184	190	191	187
1605545518793	726	136	146	145	145	151
1605545519942	917	187	183	181	182	181
1605545520800	576	121	120	113	113	109
1605545521793	638	127	127	126	127	127
1605545522805	702	143	137	146	138	137
1605545523812	668	128	131	132	134	142
1605545524799	727	145	147	145	145	141
1605545525827	688	141	135	135	134	142
1605545526793	486	96	101	97	98	93
1605545527820	910	181	181	181	185	181
1605545528804	552	111	111	111	110	106
1605545529829	807	163	159	162	157	164
1605545530801	747	149	150	149	150	149
1605545531794	676	128	132	135	138	139
1605545532830	643	135	128	127	130	122
1605545533793	710	138	139	138	144	150
1605545534796	769	149	162	156	150	150
1605545535842	512	102	99	106	105	99
1605545536799	390	82	78	78	73	78
1605545537818	794	158	158	154	163	158
1605545538809	43	18	12	12	0	1
1605545540134	0	0	0	0	0	0
1605545541636	0	0	0	0	0	0
1605545542640	0	0	0	0	0	0
1605545544142	0	0	0	0	0	0
1605545545654	0	0	0	0	0	0
1605545547165	0	0	0	0	0	0
1605545548669	0	0	0	0	0	0
1605545550173	0	0	0	0	0	0
1605545551676	11	0	0	0	3	7
1605545552376	80	14	24	15	15	10
1605545552458	1231	134	182	353	280	280
1605545552499	2926	487	341	243	829	1024
1605545552594	3084	378	821	778	557	547
1605545552793	1889	542	336	346	346	316
1605545553837	1569	304	311	311	319	322
1605545554812	894	186	175	185	173	173
1605545555849	1503	280	299	301	311	309
1605545556798	1249	270	253	240	240	244
1605545557801	1037	202	210	213	197	214
1605545558794	1163	240	231	228	235	226
1605545559795	692	138	138	138	142	132
1605545560796	752	149	144	155	149	151
1605545561830	1048	205	213	208	207	212
1605545562825	1051	212	210	203	216	210
1605545563836	1140	230	222	234	229	223
1605545564809	971	196	197	191	190	196
1605545565799	911	169	176	181	187	194
1605545566846	1321	276	272	259	258	255
1605545567830	1337	254	263	283	272	264
1605545568816	1000	205	205	187	194	205
1605545569794	526	112	102	107	106	98
1605545570821	1064	214	214	214	209	212
1605545571796	778	155	153	154	158	154
1605545572821	723	140	148	147	142	145
1605545573804	401	83	81	77	82	77
1605545574798	653	133	128	133	128	128
1605545575794	728	139	140	135	155	157
1605545576793	967	192	201	201	188	185
1605545577802	853	177	168	168	165	173
1605545578823	1128	216	220	226	234	231
1605545579802	871	182	173	176	170	167
1605545580859	914	175	185	181	185	186
1605545581818	561	120	114	114	105	105
1605545582813	680	134	133	136	138	136
1605545583850	712	139	145	142	139	144
1605545584803	745	145	145	146	153	153
1605545585835	902	177	186	180	178	180
1605545586800	637	128	120	124	132	131
1605545587819	883	176	181	182	170	171
1605545588801	730	145	148	141	147	146
1605545589836	975	202	190	197	191	194
1605545590793	967	190	193	189	199	195
1605545591793	843	167	167	172	168	169
1605545592798	966	196	192	190	191	197
1605545593799	818	161	169	169	161	154
1605545594803	1054	202	206	212	219	215
1605545595834	1034	203	201	196	214	218
1605545596800	919	197	192	186	173	168
1605545597804	792	157	156	160	151	167
1605545598805	1138	218	230	232	236	219
1605545599829	800	164	159	159	158	160
1605545600793	896	180	181	180	174	179
1605545601793	570	117	115	111	116	111
1605545602793	989	195	192	197	203	202
1605545603793	866	181	174	173	162	176
1605545604823	933	180	185	185	197	184
1605545605819	1050	208	215	216	204	203
1605545606827	608	121	121	119	120	126
1605545607801	1030	213	203	204	207	202
1605545608799	853	169	172	168	169	174
1605545609808	628	119	121	126	132	126
1605545610793	1034	201	205	205	206	217
1605545611813	627	124	125	131	125	120
1605545612810	1197	251	238	238	237	230
1605545613806	959	190	192	185	192	197
1605545614814	634	128	131	131	121	121
1605545615795	876	168	175	178	176	178
1605545616868	596	119	115	113	123	123
1605545617813	639	135	128	128	124	122
1605545618796	979	202	200	195	194	187
1605545619793	788	154	158	161	155	158
1605545620798	706	146	144	138	139	138
1605545621836	257	44	44	45	62	60
1605545622840	912	185	184	185	178	179
1605545623793	827	169	169	171	158	158
1605545624855	892	174	177	180	178	180
1605545625793	906	185	183	179	179	179
1605545626800	679	126	138	137	139	139
1605545627794	916	194	179	181	182	180
1605545628810	883	174	178	178	177	176
1605545629858	692	139	138	138	137	139
1605545630810	1005	202	199	199	201	201
1605545631836	475	90	97	96	96	94
1605545632795	1125	228	225	224	222	225
1605545633800	894	179	178	180	178	179
1605545634798	755	152	151	149	152	150
1605545635795	727	145	144	145	146	145
1605545636793	790	149	158	157	162	163
1605545637815	476	102	94	96	90	90
1605545638820	807	162	162	161	162	160
1605545639873	633	128	125	126	126	127
1605545640812	1003	189	192	204	203	212
1605545641802	747	158	159	145	145	138
1605545642816	526	102	100	103	104	115
1605545643797	567	112	114	118	117	106
1605545644799	498	92	98	98	103	103
1605545645793	815	169	169	162	157	156
1605545646793	731	151	144	146	144	146
1605545647793	870	174	175	173	175	173
1605545648795	781	155	156	156	155	156
1605545649793	755	152	149	151	151	151
