TIME	THROUGHPUT	PART-0	PART-1	PART-2	PART-3	PART-4
1600792995411	299859	58164	64203	58461	62284	56745
1600792995775	237612	52906	50038	45348	44912	44406
1600792996082	246671	50439	50205	48257	51149	46618
1600792996416	273556	57565	59149	50673	56730	49437
1600792996760	226247	46040	46223	44505	44776	44700
1600792997077	250113	47482	51886	44151	53933	52659
1600792997411	259520	56919	54625	54284	48320	45371
1600792997750	223383	46032	49368	41631	45595	40755
1600792998108	274913	56153	54885	51064	57469	55340
1600792998413	239413	49606	54216	41045	48039	46504
1600792998770	233801	49610	48148	51014	44394	40633
1600792999086	267110	53636	57294	52300	46594	57284
1600792999431	249657	49521	49660	46933	59527	44014
1600792999744	268725	55805	59367	51837	52581	49134
1600793000101	235980	50098	48210	44338	47305	46028
1600793000423	258683	52972	50987	47400	55338	51984
1600793000753	245639	50487	56760	48030	47000	43360
1600793001077	243367	50410	50712	47512	46725	48006
1600793001426	268848	55982	56876	52452	53607	49928
1600793001753	238978	49975	46831	44519	50951	46700
1600793002081	218911	43871	46097	42073	46021	40847
1600793002418	294896	57394	64258	57498	58175	57569
1600793002744	244650	52865	50092	43723	50414	47555
1600793003103	243409	49415	52412	46295	47930	47356
1600793003411	217850	42870	42834	41519	48509	42116
1600793003746	283411	61934	62220	54086	53513	51656
1600793004077	219598	45589	45244	44800	42468	41495
1600793004420	267381	54766	55317	49795	58139	49361
1600793004744	270737	55882	57682	49972	52564	54635
1600793005081	278109	57519	61332	55623	52967	50667
1600793005411	172445	35272	34230	33463	37112	32366
1600793005752	274744	58947	59085	52574	56085	48052
1600793006108	258547	50994	50587	51612	50264	55089
1600793006413	262239	52826	58888	48150	54357	48016
1600793006745	234165	44509	47454	45587	46018	50596
1600793007077	225265	46490	41090	45641	48228	43813
1600793007411	277218	60104	63595	51083	54715	47718
1600793007757	238656	49453	50598	44254	47832	46517
1600793008085	262228	53987	57182	50204	52085	48768
1600793008411	254128	49325	55490	49687	52573	47052
1600793008767	246997	53202	50671	46926	48558	47637
1600793009079	259637	54089	53967	48951	52576	50051
1600793009411	242765	50548	51421	45397	48316	47081
1600793009746	322937	51140	52805	70782	77200	71008
1600793010086	171147	50938	50191	25655	21729	22632
1600793010435	262169	52234	54501	49782	55489	50160
1600793010744	257786	57676	53741	49184	49621	47563
1600793011077	224846	43333	46084	43138	46648	45642
1600793011438	265382	56094	58468	50908	52293	47617
1600793011756	241522	48352	50657	43789	51012	47710
1600793012078	220726	46263	46416	46962	41801	39282
1600793012433	249301	49518	54445	45273	48760	51304
1600793012744	251836	52713	51710	48996	53797	44617
1600793013077	292306	59702	60903	57924	58420	55354
1600793013411	253122	51781	53317	46766	50826	50431
1600793013745	278898	60664	59395	52880	56125	49832
1600793014084	192675	35197	42513	37637	36781	40545
1600793014411	279844	61293	56752	51305	57804	52688
1600793014764	256909	47365	47708	45739	45912	70184
1600793015086	244229	52754	54369	51223	59627	26254
1600793015430	232927	52892	51316	44840	43415	40462
1600793015751	215246	45373	45124	39442	43389	41915
1600793016082	277821	53833	57625	52425	59401	54534
1600793016419	258424	54225	55768	53400	48792	46237
1600793016773	254392	46915	52203	46076	47714	61483
1600793017077	200338	42726	40414	41259	47661	28276
1600793017465	263497	56731	58420	49538	51365	47440
1600793017751	231192	48370	49272	42230	46038	45279
1600793018080	267261	57650	56310	51334	52647	49319
1600793018411	215782	43631	43788	41939	45205	41217
1600793018761	273302	57202	58408	47294	56660	53737
1600793019077	292018	50003	58481	62639	60344	60550
1600793019412	245498	59047	53492	47292	46582	39083
1600793019744	241171	47734	50518	44051	48614	50253
1600793020082	247485	53062	53781	47653	49156	43831
1600793020412	249812	48969	48896	46009	54115	51821
1600793020744	262801	54671	57180	55051	50427	45469
1600793021091	245432	50772	53236	44296	48677	48449
1600793021411	250487	52862	49562	47665	52056	48340
1600793021744	252060	52546	54234	49990	47228	48060
1600793022102	249977	50047	53905	45784	52346	47893
1600793022411	245776	52190	50035	48980	50860	43708
1600793022816	262106	51841	56599	50528	52350	50785
1600793023082	195515	39003	42988	38135	36296	39090
1600793023456	237374	53221	46890	46577	47443	43240
1600793023762	245470	48869	55457	43810	51575	45758
1600793024085	250266	49708	50260	50065	50866	49365
1600793024413	328173	69338	69597	61195	65164	62878
1600793024764	203703	43415	41142	39581	40797	38766
1600793025081	250580	48328	51255	46198	50447	54350
1600793025411	265833	56378	57251	52593	53621	45987
1600793025773	249690	48116	53491	47345	52030	48707
1600793026085	250894	54852	52435	46919	51608	45076
1600793026411	248168	49852	51539	50128	48840	47806
1600793026748	270397	55394	58943	50661	54462	50934
1600793027077	236887	48370	47635	43474	50066	47340
1600793027430	211645	44864	45056	40133	42793	38798
1600793027744	237006	45468	51977	44636	47646	47277
1600793028077	286411	59165	61075	55516	56777	53876
1600793028412	249838	56337	50576	49026	48340	45558
1600793028747	267731	50226	55797	52928	55850	52928
1600793029077	249433	52769	51990	46815	50351	47506
1600793029411	256529	52700	54772	48997	50997	49062
1600793029745	244476	51856	53020	43988	49679	45931
1600793030077	250165	51274	50328	47753	51084	49725
1600793030411	250547	51667	54149	49745	49601	45383
1600793030748	246293	49735	49272	48617	50774	47893
1600793031090	257637	54839	54581	48941	50114	49160
1600793031411	263252	47657	58862	51809	54196	50725
1600793031780	243560	54487	50493	47731	46279	44569
1600793032077	237996	50922	49983	41585	50010	45494
1600793032411	295347	58775	53598	61000	63005	58967
1600793032754	193472	42903	49606	32527	36521	31912
1600793033077	250126	54188	49647	48448	47278	50563
1600793033411	260452	51218	58449	49859	53368	47556
1600793033748	203267	40931	41744	39272	42290	39026
1600793034081	191198	40129	38021	36402	38699	37945
1600793034420	218519	44262	45017	41985	42666	44587
1600793034744	204104	43938	41648	40990	42740	34787
1600793035105	252686	32648	56991	53637	56396	53013
1600793035437	119283	47743	20219	12469	18930	19918
1600793035744	210423	40247	43273	44840	41296	40765
1600793036077	224786	47900	44282	44642	47531	40429
1600793036414	183320	38548	37540	36777	36741	33712
1600793036751	209029	44062	44919	38735	42471	38839
1600793037077	211932	40858	41042	42018	44018	43993
1600793037414	183738	39762	37783	35679	35884	34629
1600793037744	215403	44839	44712	40139	46169	39542
1600793038077	204846	43528	40963	42159	38960	39234
1600793038425	202531	41341	40678	39252	40528	40729
1600793038749	201407	41126	41969	38966	42959	36385
1600793039077	193512	41246	41600	35024	37167	38472
1600793039411	225017	45565	43793	45296	47443	42919
1600793039748	188774	42272	40724	33047	36201	36528
1600793040077	214364	39844	39765	43322	49100	42331
1600793040423	194557	41606	39060	39132	36841	37916
1600793040751	225835	44609	50990	44320	44780	41134
1600793041077	204733	44812	44374	38990	38147	38407
1600793041412	199340	40970	42259	39188	40483	36438
1600793041744	217578	43825	47307	40891	42626	42927
1600793042080	232297	47407	52898	41482	47482	43026
1600793042496	240956	45507	53108	44581	50600	47158
1600793042780	226845	47922	49623	45116	42739	41443
1600793043080	232520	42490	51883	44536	48633	44976
1600793043419	243088	49215	54395	46955	46336	46185
1600793043758	236256	46557	51174	43707	48044	46772
1600793044111	235073	44195	53116	45410	49903	42447
1600793044411	246250	48870	55363	45356	49826	46833
1600793044760	219759	48028	47487	40292	42237	41713
1600793045099	234525	46787	52823	43887	43542	47483
1600793045433	253553	52571	53718	51014	53239	43008
1600793045770	231486	43878	50721	41388	48816	46682
1600793046091	231629	45348	53601	44242	43747	44688
1600793046428	251103	51385	55326	47498	52026	44866
1600793046745	218028	44287	48791	39141	43274	42533
1600793047077	236572	46237	51322	46647	47391	44972
1600793047415	233798	46707	50698	43804	48644	43943
1600793047754	239802	45864	54551	45392	48985	45008
1600793048090	188434	41523	38785	35919	35193	37011
1600793048414	172706	33975	38435	31413	34861	34021
1600793048756	179561	34824	39657	33880	35561	35637
1600793049091	197507	41092	42408	37486	39489	37029
1600793049435	194720	41281	45183	32968	38921	36366
1600793049747	152503	28932	30035	29333	32666	31535
1600793050082	162653	34638	35310	30107	33468	29128
1600793050411	156039	31291	34352	29522	29325	31547
1600793050762	159549	31014	35188	30094	30794	32458
1600793051102	245161	54717	47841	44964	51426	46211
1600793051440	261713	55819	55076	49014	53446	48355
1600793051744	242960	52555	48414	43404	49707	48878
1600793052081	248605	52109	48783	50985	49445	47281
1600793052423	270833	56926	54780	47593	58070	53461
1600793052854	245208	53895	51730	46146	48380	45055
1600793053077	266013	55434	53493	50044	51565	55475
1600793053416	233979	50120	46666	42554	49684	44952
1600793053744	265155	55817	54661	48853	54161	51661
1600793054101	217649	45523	44633	43140	41787	42565
1600793054451	260765	58540	53771	46785	53131	48537
1600793054744	255040	50856	49215	50836	52928	51204
1600793055077	237603	53654	49159	40717	47405	46666
1600793055415	208112	43428	42786	39943	43529	38423
1600793055765	258634	54522	52277	47511	50268	54054
1600793056102	270623	59798	54620	51703	55566	48934
1600793056411	254919	54122	51889	49165	50728	49012
1600793056744	270702	56780	54615	46168	54402	58735
1600793057136	261487	57165	52010	52609	52946	46755
1600793057432	218736	44942	46689	37891	46814	42398
1600793057751	278172	61805	54858	52015	59200	50291
1600793058092	238885	48674	50897	47824	45545	45944
1600793058413	239741	51922	49545	45006	46647	46619
1600793058745	223789	47704	46975	40009	46780	42319
1600793059077	234003	49493	47030	43710	47289	46478
1600793059414	265234	56270	53976	50735	52522	51729
1600793059789	229573	45733	48160	42005	48546	45128
1600793060081	204349	49756	42859	37308	37020	37404
1600793060416	221659	46086	45582	44495	44477	41017
1600793060744	247250	50329	48719	47716	51536	48948
1600793061087	184897	41524	37177	32688	37102	36405
1600793061450	202636	40911	44661	39506	40853	36702
1600793061755	202422	45052	39947	39098	39413	38911
1600793062077	219677	38183	38732	44639	49059	49062
1600793062414	165183	40192	41611	24537	30925	27916
1600793062754	242882	51408	49585	50044	48867	42976
1600793063077	302820	58993	66743	55343	61541	60198
1600793063419	287426	57301	54912	59456	59891	55865
1600793063745	281346	59877	64432	51926	56564	48546
1600793064081	298455	61999	62895	58357	58651	56550
1600793064412	322543	67208	68135	60114	65241	61842
1600793064751	340289	67536	71861	67132	68852	64905
1600793065077	279693	55435	62901	54208	56714	50432
1600793065413	255330	54511	52083	50238	49985	48511
1600793065757	282674	58686	58761	51270	58159	55796
1600793066078	313791	59401	68221	66149	62551	57467
1600793066413	330053	71623	67047	61683	64408	65289
1600793066749	330922	67000	69208	63791	71071	59851
1600793067097	321011	64951	68744	64778	61341	61195
1600793067428	323380	64229	67567	63537	66658	61386
1600793067744	345560	72955	74338	66417	68620	63227
1600793068091	317639	62432	67881	63602	65273	58449
1600793068436	336391	69301	69307	63455	66136	68191
1600793068749	336789	66837	72747	68006	68322	60875
1600793069110	305360	61792	63407	56853	64083	59224
1600793069443	281024	57174	60246	57537	55723	50342
1600793069789	321895	69638	68034	59959	62106	62156
1600793070101	306951	61243	68131	60230	59246	58099
1600793070411	345177	67103	73548	65277	73529	65719
1600793070747	373598	72726	77627	76494	77321	69428
1600793071077	346590	59881	77481	71696	71484	66045
1600793071428	266612	65763	52458	48877	48347	51165
1600793071761	336456	66759	72249	65990	68315	63141
1600793072094	330894	69672	68399	67675	63087	62060
1600793072414	346621	66225	69506	68859	74815	67215
1600793072750	322895	69354	75020	57187	62065	59267
1600793073124	326018	64874	68085	63943	67435	61679
1600793073414	320165	62703	64793	68196	63737	60734
1600793073744	306175	66087	66733	57051	59069	57233
1600793074126	330589	66714	67583	66568	65806	63916
1600793074412	300632	61846	70618	54174	60237	53755
1600793074760	341066	66629	69568	68761	68729	67376
1600793075099	326112	72200	63395	64495	65690	60330
1600793075421	258381	49006	57059	52276	50263	49776
1600793075746	251876	50833	54452	46190	51907	48492
1600793076079	254843	55081	54753	47294	51747	45966
1600793076411	261081	53042	51740	50810	51719	53768
1600793076791	236071	48213	50247	43584	49621	44405
1600793077090	241468	50515	53729	49130	46712	41381
1600793077429	266528	53294	52356	50318	56380	54176
1600793077754	253098	51046	53320	48381	51092	49258
1600793078081	248437	54418	53541	50030	45944	44501
1600793078415	240155	45943	50724	46796	51919	44772
1600793078751	259848	55550	54830	45056	52175	52235
1600793079078	249088	50278	52810	52073	49724	44201
1600793079415	241341	52317	47403	42724	49602	49293
1600793079751	244202	48651	53327	49226	47089	45907
1600793080079	266268	57326	58237	47365	53100	50237
1600793080441	244751	49911	50994	49383	49439	45022
1600793080746	253272	49265	52914	47652	51950	51488
1600793081086	245749	52955	50000	48702	48867	45223
1600793081414	242332	45844	53015	47378	51240	44853
1600793081769	259400	55676	55363	46760	50647	50952
1600793082102	235942	46177	50837	45252	48627	45048
1600793082411	274669	59744	54715	53317	54233	52660
1600793082764	243373	48220	49385	48240	50093	47433
1600793083077	252239	53900	56130	44603	50613	46990
1600793083412	247755	51220	50832	49361	48220	48119
1600793083746	244077	50502	53224	47667	49170	43511
1600793084077	250634	51157	51709	48069	49090	50607
1600793084436	259144	54345	54036	48105	54729	47927
1600793084746	245567	50574	51458	47651	49003	46880
1600793085077	245555	52293	52006	46598	48438	46220
1600793085420	250755	50355	52973	47635	49556	50233
1600793085744	250339	49296	50675	50216	53104	47046
1600793086120	249047	51880	56369	45223	50287	45287
1600793086411	221890	44697	45281	45034	43518	43357
1600793086744	269726	58690	56282	49150	54468	51135
1600793087103	242679	45094	50130	47693	52058	47701
1600793087412	246964	53355	54631	46100	48524	44352
1600793087744	261948	54533	51183	51153	51966	53111
1600793088104	238063	51602	50883	42941	46108	46527
1600793088420	265411	51436	56265	56041	53183	48484
1600793088757	246115	49225	51994	45525	52252	47118
1600793089087	253039	55363	51900	50696	49060	46018
1600793089424	248127	50691	54427	44804	49670	48534
1600793089744	251650	52840	53612	46734	50425	48037
1600793090085	247583	47486	51328	50187	52020	46560
1600793090411	249404	58285	53420	43457	49343	44898
1600793090795	260934	52510	55406	50182	51554	51281
1600793091080	238084	45407	46326	47673	49529	49147
1600793091430	250062	51842	53108	48148	50437	46525
1600793091752	254180	52909	52630	48285	50881	49472
1600793092077	243283	49963	53015	47175	48766	44363
1600793092411	239074	48529	51203	45371	48134	45835
1600793092763	260553	53590	54718	50088	54482	47673
1600793093083	246662	51303	51875	44846	49984	48653
1600793093411	254621	54628	55073	49890	48515	46515
1600793093749	260562	50251	53455	51328	52230	53295
1600793094084	254035	51122	50838	47740	53441	50892
1600793094420	238190	49133	51303	47389	47244	43119
1600793094762	252961	52912	55666	47532	49289	47561
1600793095102	243014	51285	48279	47073	49905	46470
1600793095424	247891	56173	55260	43378	47857	45220
1600793095744	252490	48028	50556	50696	54862	48346
1600793096077	264357	50522	55396	52480	53798	52159
1600793096412	273217	52438	57397	53817	56140	53423
1600793096763	216170	51498	46558	39196	40330	38586
1600793097083	243071	50440	50478	46028	49953	46171
1600793097411	258182	51387	56207	48786	52009	49792
1600793097744	254075	53333	52573	49657	49831	48678
1600793098106	243966	50444	51698	46966	48809	46046
1600793098411	250521	52911	50931	46252	50911	49514
1600793098744	261840	52378	56459	51144	55174	46684
1600793099083	246887	48112	51483	48575	48964	49752
1600793099425	247058	52818	52350	47649	47438	46801
1600793099761	244032	51392	51312	44354	49922	47050
1600793100078	250432	51514	53501	49621	50324	45470
1600793100441	256512	54184	52785	47975	51774	49793
1600793100744	252046	50363	53689	48808	52145	47039
1600793101095	246800	48233	51284	47333	50062	49886
1600793101420	247024	51436	51855	47175	51206	45350
1600793101744	258546	54842	55009	47632	50731	50330
1600793102120	241289	50726	49994	46800	51260	42507
1600793102411	238257	48457	51563	46329	42027	49879
1600793102747	260508	57190	53294	48702	52306	49014
1600793103081	244739	46901	53356	48272	50278	45931
1600793103411	256157	53163	50909	51284	52675	48124
1600793103744	245684	51612	51849	43639	50390	48192
1600793104077	255348	50510	56366	51381	49039	48051
1600793104432	249825	52557	51481	45867	51343	48574
1600793104749	251167	49479	51671	49555	48883	51577
1600793105175	247154	51929	52861	48185	50842	43335
1600793105413	242424	48466	49306	44134	48865	51651
1600793105799	252103	51818	52670	48779	53116	45717
1600793106077	258866	53122	57712	50208	50683	47140
1600793106411	252092	53958	50356	46700	50317	50760
1600793106744	245306	49627	54597	47177	48672	45231
1600793107092	247537	50867	50913	48031	50295	47428
1600793107426	247559	50176	54353	45155	50332	47541
1600793107750	252006	53250	50959	49589	50382	47824
1600793108077	255905	51009	54795	48996	51568	49535
1600793108411	251556	55047	49745	49011	51023	46727
1600793108749	245985	50600	53029	46831	49150	46372
1600793109101	278988	50928	61619	53014	59019	54406
1600793109413	213496	51173	40730	41548	39391	40653
1600793109744	252791	46468	55401	50978	53120	46821
1600793110106	251146	55511	52466	46046	49091	48030
1600793110411	246334	50462	50967	46468	49600	48836
1600793110747	247630	51940	50869	46321	50690	47809
1600793111080	255174	50867	53567	48957	53558	48222
1600793111412	256262	55328	53400	51307	49719	46506
1600793111747	230355	47504	50134	43068	44617	45029
1600793112087	271311	56002	59108	52064	56308	47826
1600793112413	245604	50619	48033	46892	51812	48245
1600793112744	235737	46963	53344	42305	45317	47806
1600793113087	260804	53209	53093	52827	52029	49644
1600793113452	249271	53205	51567	46539	51323	46635
1600793113763	247977	50662	53006	49385	47948	46974
1600793114077	243162	48254	51359	46219	51127	46200
1600793114411	257745	51619	54026	48380	51458	52260
1600793114744	240723	51426	53129	45138	47423	43606
1600793115077	257768	52669	52615	50411	52186	49885
1600793115411	249793	51640	51044	49032	51326	46748
1600793115761	254602	52674	53265	48557	50460	49645
1600793116082	244311	52439	53040	44059	48336	46436
1600793116418	248014	49818	51741	47991	52726	45738
1600793116754	254863	52619	52116	49940	50886	49300
1600793117077	251278	50120	53733	47030	49386	51006
1600793117429	260926	55139	53673	48718	53832	49562
1600793117760	237546	47226	54685	47205	47574	40854
1600793118081	238866	52392	48208	43635	46121	48507
1600793118413	268704	51771	53771	53503	59192	50466
1600793118744	234247	49465	52827	44211	43172	44570
1600793119090	259780	52497	54286	51722	53294	47979
1600793119411	256077	50495	55024	47778	52707	50071
1600793119810	237844	53847	48218	44127	46583	45067
1600793120084	261423	47153	52996	55474	52733	53065
1600793120412	245036	53774	53353	45185	48682	44039
1600793120777	255860	53591	53035	47265	50002	51964
1600793121078	236368	46993	51883	47930	49428	40132
1600793121441	252608	54785	51336	47231	50845	48410
1600793121753	242490	47717	48407	48330	48785	49250
1600793122087	272449	57380	60314	49769	56485	48500
1600793122412	232895	46846	49618	44156	47046	45227
1600793122746	255239	51293	53350	49317	51994	49284
1600793123084	242056	49923	52804	47801	47029	44497
1600793123411	253776	52785	52299	47165	50850	50675
1600793123749	280387	50982	60526	55355	58970	54553
1600793124079	217672	54351	44039	38190	41551	39539
1600793124454	254029	51410	51989	49394	53104	48130
1600793124750	239307	49560	51935	44361	46658	46790
1600793125077	258538	51541	54446	53391	51993	47165
1600793125411	248134	51386	51526	46113	50179	48928
1600793125745	256856	50491	55074	49505	53158	48625
1600793126082	243557	53623	50124	47195	47359	45255
1600793126411	249404	50057	54522	45306	49957	49559
1600793126744	247819	51681	48498	46954	51972	48711
1600793127088	248997	50834	54764	49470	47747	46180
1600793127411	259566	56371	56408	48560	51916	46309
1600793127744	272279	47678	53918	51981	60651	58048
1600793128120	233101	51662	48872	46345	43571	42648
1600793128423	232640	49471	50749	42729	47115	42574
1600793128744	255077	51271	52688	51305	49454	50358
1600793129077	248318	54390	51690	43402	51270	47564
1600793129429	257187	50386	55963	52017	51894	46926
1600793129757	240792	53326	48942	44076	47597	46850
1600793130078	251588	49121	54753	49380	51445	46887
1600793130411	262318	55543	54696	49084	52402	50591
1600793130748	240403	48940	50629	47261	50459	43112
1600793131082	254137	51829	52820	48380	50589	50517
1600793131416	252832	52500	54631	48197	49119	48383
1600793131763	266054	54608	54893	51452	54870	50230
1600793132079	234740	47886	45892	46174	48556	46231
1600793132411	255680	50728	58509	47394	48704	50343
1600793132744	241000	52876	47930	46876	48861	44453
1600793133100	244356	46359	53073	46789	50466	47668
1600793133417	255410	57041	52088	48088	51583	46608
1600793133744	253107	48957	50773	51577	54324	47474
1600793134087	242265	52183	53877	42763	47180	46259
1600793134416	259744	54653	56121	49899	50984	48085
1600793134759	248620	52052	51358	46122	49938	49148
1600793135078	243115	48319	45307	49031	52579	47877
1600793135411	254789	49597	59510	49177	48126	48378
1600793135752	259923	53683	55956	49832	52208	48243
1600793136077	235624	50606	46907	43710	49095	45304
1600793136458	255346	49637	58005	50181	49611	47910
1600793136746	243767	54017	47677	45434	50111	46527
1600793137078	255695	49855	52593	48677	53987	50581
1600793137427	252237	53570	52710	48679	48853	48424
1600793137744	244608	52362	50917	47760	48750	44817
1600793138093	259212	51518	54713	48555	54481	49942
1600793138438	212072	45133	45333	40600	40402	40602
1600793138744	255212	51323	54019	49212	52401	48254
1600793139108	233961	45293	51458	43489	50436	43282
1600793139413	277977	60763	57177	54373	52455	53206
1600793139777	258184	52381	52879	50203	52046	50673
1600793140091	255369	52197	54407	49837	49770	49156
1600793140411	238071	54443	49793	42578	47290	43965
1600793140744	241552	44210	51078	47405	52147	46711
1600793141094	257148	54742	54151	49277	49851	49125
1600793141411	244706	49350	50482	50403	46104	48365
1600793141744	260543	51648	58534	47987	55945	46426
1600793142097	237283	51617	44677	44957	49252	46779
1600793142412	263279	52111	57641	46866	54028	52631
1600793142763	242267	51384	50683	47193	48011	44994
1600793143095	256936	51250	54295	50012	51355	50024
1600793143425	243063	53242	50415	48681	47969	42754
1600793143759	235739	47146	50964	42467	49170	45991
1600793144098	284203	59761	58495	51536	58389	56020
1600793144411	222623	46140	47099	46718	42645	40019
1600793144762	260726	54353	55598	49347	50737	50689
1600793145077	263422	50053	55457	50752	57977	49180
1600793145437	237213	50347	50016	45261	44311	47277
1600793145753	219860	45395	44158	42041	46689	41575
1600793146077	254608	54049	56416	49410	48549	46182
1600793146417	360850	54373	54282	80238	87976	83979
1600793146746	163231	53127	57109	20717	15993	16282
1600793147093	233204	47103	50798	44368	48152	42780
1600793147411	267477	51191	49012	52965	56726	57581
1600793147744	238477	51933	54342	44369	45792	42039
1600793148081	267721	54353	55388	48338	55729	53910
1600793148411	228742	52990	50663	44169	44112	36806
1600793148744	268069	49735	54777	50000	56273	57282
1600793149081	258715	57839	52979	51534	50899	45462
1600793149411	234196	45748	48154	44133	49615	46545
1600793149793	240227	50327	52670	46829	47222	43178
1600793150093	267433	55093	57016	50820	53083	51420
1600793150479	246883	48251	52450	49953	47577	48650
1600793150746	245273	54842	49801	41202	52419	47007
1600793151077	262280	55021	54809	52966	51619	47864
1600793151411	244868	46844	50134	46344	52580	48964
1600793151744	242774	52228	53789	46318	46438	44000
1600793152077	249750	51270	49489	48828	49405	50756
1600793152413	251639	50523	53937	47928	52851	46398
1600793152751	258372	56733	56340	49088	50183	46026
1600793153083	257201	49762	50581	47105	54045	55707
1600793153412	228939	49544	47389	44826	46337	40841
1600793153763	254820	49290	59467	50156	50452	45452
1600793154101	310650	66695	63041	58988	61488	60437
1600793154425	199833	39250	42753	39617	39913	38299
1600793154744	265927	47476	51542	51971	57090	57846
1600793155082	204387	48514	46639	36183	41118	31931
1600793155411	264677	56638	54784	51097	50705	51452
1600793155744	263903	52672	57834	50291	52450	50654
1600793156078	260104	57020	51535	48401	52544	50601
1600793156411	206804	40105	45042	39519	43723	38414
1600793156754	277034	56023	57871	55268	54303	53568
1600793157099	228753	46136	48371	42211	49533	42501
1600793157414	278352	59495	59453	54212	52580	52609
1600793157781	226340	46795	46054	43201	46397	43891
1600793158080	276080	55397	61063	53260	54628	51729
1600793158411	255084	54918	50105	47015	53205	49839
1600793158792	244692	49632	50254	47619	50293	46892
1600793159078	240587	49776	53097	46307	48129	43276
1600793159419	276574	53029	57700	55161	55219	55463
1600793159744	232427	51384	48963	43123	45483	43473
1600793160077	236678	44525	50894	44684	50447	46126
1600793160419	243371	53912	50508	47119	47356	44473
1600793160744	285704	58480	61523	54018	58415	53267
1600793161077	207264	44273	42450	39921	39084	41534
1600793161411	271395	55311	56604	52491	55026	51961
1600793161753	248154	50391	52976	47254	50073	47459
1600793162077	254811	53682	53759	45870	55092	46407
1600793162425	260152	54597	54468	51557	48528	51000
1600793162761	263377	53755	56535	51360	53303	48422
1600793163087	192230	43969	45953	37622	18180	46503
1600793163418	259894	48625	48305	48090	75504	39368
1600793163747	335802	51741	72510	66115	72805	72629
1600793164077	171566	51781	32445	29115	29651	28572
1600793164418	251102	53712	51668	51017	49246	45457
1600793164762	272627	48892	56758	47491	61508	57976
1600793165079	220025	49864	49312	44283	40154	36410
1600793165422	283148	55918	58559	54107	57448	57113
1600793165794	231077	50110	49626	45419	43612	42309
1600793166077	224498	48120	50151	43674	44650	37901
1600793166429	254818	51105	52636	49605	51048	50423
1600793166747	276323	55672	54600	49154	61279	55616
1600793167116	252756	53953	55130	50848	47105	45718
1600793167414	251110	53439	51640	48899	50067	47063
1600793167744	235009	46900	52351	45627	45448	44681
1600793168100	264971	52542	55297	48575	56404	52151
1600793168411	278250	48163	58842	55916	57700	57627
1600793168761	217062	57768	43242	40497	40548	35005
1600793169077	240705	47243	52509	43911	50253	46787
1600793169414	249973	50169	47667	49718	52611	49807
1600793169770	251039	53039	53957	50331	47387	46323
1600793170077	270241	48788	55218	50228	58214	57791
1600793170413	240315	54148	54005	44517	46434	41208
1600793170744	249743	53232	55138	47392	48365	45613
1600793171077	246483	49981	51321	46417	49438	49324
1600793171411	253143	51074	52188	50634	52928	46317
1600793171770	241610	51412	50949	46038	47657	45551
1600793172102	252536	48551	52861	48521	52177	50424
1600793172500	260618	55414	55301	49286	51977	48638
1600793172744	247393	53106	53303	44430	50581	45971
1600793173123	253712	50741	54044	50390	50284	48250
1600793173413	246979	53058	50751	47310	48503	47355
1600793173750	227391	46347	46744	44094	47697	42507
1600793174077	244611	50027	53290	44914	47253	49125
1600793174411	251086	51982	51221	49164	51838	46880
1600793174749	281926	50387	57029	49402	63594	61511
1600793175143	198751	47281	43583	40149	35936	31799
1600793175428	320147	59221	67266	64789	66171	62698
1600793175745	249384	55993	53457	45776	47082	47075
1600793176090	231402	48255	46118	43321	49055	44652
1600793176411	247457	54242	55274	45965	47644	44330
1600793176747	266538	50241	56886	55764	52779	50866
1600793177077	230236	50603	45545	44224	46554	43309
1600793177415	246636	51195	52686	46508	48307	47937
1600793177745	258984	51896	53754	47824	54303	51206
1600793178077	241608	50710	53322	46141	46503	44930
1600793178411	268658	56931	55928	51649	54365	49784
1600793178777	256653	47601	54573	49163	54797	50516
1600793179081	242407	52644	50217	46148	46490	46907
1600793179429	243132	50571	51172	48635	49571	43181
1600793179753	249651	50222	51898	46410	48651	52469
1600793180089	253889	55529	54336	49446	51806	42770
1600793180448	251715	48821	50947	46214	52587	53144
1600793180744	247087	53493	53040	46358	49483	44712
1600793181077	259009	53033	55783	51588	50201	48402
1600793181415	278485	50878	55153	56097	59381	56973
1600793181751	212705	49470	49589	38116	43946	31583
1600793182085	221416	45260	45565	41937	41200	47452
1600793182415	287360	58851	59427	56478	58378	54224
1600793182773	233164	44312	46807	43712	50081	48251
1600793183080	276596	57153	48299	59100	57188	54853
1600793183424	224677	50372	59494	39514	39700	35595
1600793183746	258732	56121	51124	46925	53667	50894
1600793184108	250814	49508	54544	48511	48723	49527
1600793184411	234881	47066	46874	42887	51198	46854
1600793184785	271941	55957	58462	52689	54080	50751
1600793185082	246983	53552	54094	46552	47565	45218
1600793185420	247937	48402	46384	53674	52988	46488
1600793185779	248559	52072	56487	44986	47509	47504
1600793186091	257721	54201	54144	46012	52695	50666
1600793186445	241559	52042	49598	46070	49138	44709
1600793186760	220619	43241	47853	41149	46555	41819
1600793187077	273242	57372	58507	54618	51003	51741
1600793187416	266129	52775	56525	48492	57283	51053
1600793187753	244554	50700	50255	48068	45890	49640
1600793188085	238677	51319	50201	46334	47569	43253
1600793188418	251339	49111	52162	49936	53834	46294
1600793188749	245465	52966	53716	43827	47498	47456
1600793189079	261712	52681	52827	53842	54172	48187
1600793189412	267024	53684	56450	48843	54897	53147
1600793189745	242135	51645	51771	47477	44759	46480
1600793190092	222844	43564	45547	40930	49870	42930
1600793190418	261104	52453	57613	51171	49779	50085
1600793190744	257260	53969	51699	47871	51193	52527
1600793191080	240172	52872	51276	45312	49958	40752
1600793191411	255072	52492	53764	50722	49836	48256
1600793191750	244946	44451	51315	48575	50899	49705
1600793192077	256752	58397	53831	47761	49596	47165
1600793192426	263237	54948	55518	49489	53123	50157
1600793192770	245819	49005	51732	47078	51424	46578
1600793193091	255376	52476	54476	50003	50669	47750
1600793193437	231083	49078	47161	41020	46907	46916
1600793193758	272862	50242	59373	56794	55710	50741
1600793194090	231400	52183	48150	42638	45210	43216
1600793194418	244634	49640	52560	46009	48527	47896
1600793194757	261218	52849	54536	48486	55861	49483
1600793195128	242342	53161	48897	47320	47927	45035
1600793195416	275625	45996	60017	56468	57447	55694
1600793195755	229439	56864	46825	41283	44339	40126
1600793196098	259941	48865	55530	49661	53309	52574
1600793196413	241606	51768	49717	49488	44400	46231
1600793196746	252975	53270	54588	46207	53849	45060
1600793197077	241598	49021	50743	45045	47918	48870
1600793197424	266092	50688	52723	50991	58244	53443
1600793197756	262406	58996	59960	52216	46686	44545
1600793198080	236768	44660	44228	40558	43302	64018
1600793198505	236440	50658	54943	49324	50800	30712
1600793198819	258910	52732	48538	46856	57910	52872
1600793199078	261602	55258	58328	52764	47598	47652
1600793199411	230450	48720	49477	41837	48378	42036
1600793199744	250315	50954	53678	47399	48885	49396
1600793200121	249541	50053	50506	50798	51697	46485
1600793200421	259056	54186	55143	40583	54206	54936
1600793200747	248294	54150	54751	52573	45187	41631
1600793201077	246693	46533	48466	49900	51703	50090
1600793201411	228281	49002	48994	44275	45371	40637
1600793201778	272133	55891	57286	49359	54792	54803
1600793202077	251979	52789	51083	50163	52538	45404
1600793202414	340130	51394	54344	74379	82189	77821
1600793202746	167484	54554	56268	22349	18015	16298
1600793203078	221072	45783	46292	34695	48204	46096
1600793203413	240214	47002	50047	55901	44525	42737
1600793203752	288964	61135	60053	51678	59643	56454
1600793204081	236206	49413	49553	45285	47021	44933
1600793204417	265586	51747	54002	52000	56547	51288
1600793204744	234608	50397	51094	44339	45486	43290
1600793205098	244573	49649	50855	45268	48779	50019
1600793205411	275616	54460	57127	55306	58562	50159
1600793205744	240318	53078	51066	46843	45237	44093
1600793206081	246718	48670	55970	48270	49367	44439
1600793206411	256751	53533	51345	45715	51969	54187
1600793206745	249194	53098	50976	49868	50976	44275
1600793207078	341972	50801	53465	76741	80798	80165
1600793207429	128695	42304	45635	13336	16000	11418
1600793207744	268793	54901	56038	52952	50768	54133
1600793208077	252462	51345	50294	46174	56021	48627
1600793208416	267280	56557	58855	49359	52371	50135
1600793208745	247045	52027	54273	49270	48474	43000
1600793209080	237946	48005	48280	46943	47507	47208
1600793209419	267666	54342	59533	49135	52831	51823
1600793209744	244360	50772	47295	48996	48507	48787
1600793210086	240298	52578	53742	41985	49330	42660
1600793210417	254166	48141	52737	50912	52598	49776
1600793210751	251125	55368	50224	49721	49386	46425
1600793211099	252821	48936	52244	48451	52066	51123
1600793211412	249332	54635	56140	41891	51146	45517
1600793211744	245849	50602	50310	52765	45990	46180
1600793212077	257900	47810	54432	49585	55072	51000
1600793212413	246032	56151	52300	44931	48583	44065
1600793212749	222895	46125	45782	42252	44714	44020
1600793213077	279137	54841	56298	52804	59030	56161
1600793213414	301035	56097	59121	40584	76228	69002
1600793213755	194486	47615	47894	58005	18906	22064
1600793214104	231346	44699	45389	41415	54060	45782
1600793214411	268335	58579	58912	48573	51596	50674
1600793214744	251456	50171	52975	51876	45891	50540
1600793215077	249435	53555	55453	46156	51567	42702
1600793215411	246431	49511	50976	48200	50790	46952
1600793215744	254129	49117	52363	47846	52381	52420
1600793216077	266480	59171	56585	52108	51609	47006
1600793216431	238742	48909	48118	47559	48079	46076
1600793216744	269546	52971	56805	45351	57035	57383
1600793217077	224042	48003	49423	47165	43408	36042
1600793217434	235305	49140	49235	43722	47770	45436
1600793217748	250662	49939	53761	49834	50442	46684
1600793218085	240694	51356	48089	45026	48727	47495
1600793218447	275096	51676	56726	51240	58317	57135
1600793218753	260666	59928	56686	48611	50222	45218
1600793219077	263935	50067	57336	54000	51740	50790
1600793219421	232930	51206	46883	43552	47302	43985
1600793219744	240040	50188	52628	45839	45938	45445
1600793220087	273714	55510	55169	51364	58655	53014
1600793220412	228086	46744	50415	46633	43264	41027
1600793220747	343653	52629	53895	74835	84056	78235
1600793221077	152800	49542	49942	18918	15360	19036
1600793221416	266669	53530	56640	51115	55719	49663
1600793221744	248972	55506	53667	48902	46024	44871
1600793222098	242056	46946	50991	45192	51002	47923
1600793222432	252335	51808	51748	47763	52050	48964
1600793222806	257152	53791	51703	48582	52299	50775
1600793223102	236888	50479	50868	43976	47087	44476
1600793223418	261854	51477	58091	53313	52221	46750
1600793223781	251914	45622	50925	49763	53426	52176
1600793224142	235714	53673	50080	42684	47324	41952
1600793224411	240200	52301	50992	42843	45420	48643
1600793224746	240910	49229	49698	47498	50334	44149
1600793225082	280806	56973	61339	55553	55044	51895
1600793225419	228341	47148	44299	43234	48148	45510
1600793225746	256039	55437	54623	49470	48550	47957
1600793226108	264044	50676	55035	48958	57477	51895
1600793226417	244071	54543	54504	45783	44346	44893
1600793226747	259678	52809	55178	53336	50369	47984
1600793227086	232817	48466	48359	43684	48227	44079
1600793227454	245614	50146	49290	46358	50888	48929
1600793227744	230768	48841	47431	43127	46813	44555
1600793228087	309180	56690	62303	54836	55641	79708
1600793228413	217208	51377	52564	47871	49555	15840
1600793228767	256587	46401	53381	49985	54451	52367
1600793229077	258519	49441	56654	50967	52206	49248
1600793229411	201754	52353	40167	34817	38826	35589
1600793229788	294488	57668	60278	58758	60832	56949
1600793230079	204670	46762	46556	33556	40508	37285
1600793230452	257849	52750	52461	51777	51166	49694
1600793230762	235116	47154	49877	44545	46329	47209
1600793231077	280590	56926	57523	54469	59371	52298
1600793231411	243329	51164	52646	46553	47598	45365
1600793231826	240110	48556	50503	44101	49775	47173
1600793232079	269023	57355	56703	54581	52754	47628
1600793232434	234177	47808	49456	43692	45577	47642
1600793232753	275721	55874	56677	54586	57921	50661
1600793233119	246248	51874	53644	48193	47336	45199
1600793233413	221204	43132	47489	41748	46404	42428
1600793233745	253644	53731	51734	46783	50433	50960
1600793234082	266062	55014	55635	48833	54412	52166
1600793234421	253038	52389	55386	52182	47761	45318
1600793234750	241072	50036	48957	43784	50978	47316
1600793235090	255761	48264	53094	45929	55197	53276
1600793235430	262155	57382	57429	54002	48329	45011
1600793235750	236837	49450	49090	48225	47846	42225
1600793236086	257133	51997	56898	48812	51830	47595
1600793236428	260929	54833	53473	47356	51543	53722
1600793236744	223936	46876	45275	42908	46278	42598
1600793237091	310922	62224	66340	60974	62913	58469
1600793237411	286215	33556	40271	67212	75312	69862
1600793237746	152820	54394	50274	16653	16764	14734
1600793238077	264151	52444	54256	50770	50945	55734
1600793238413	236925	50976	48214	41860	50252	45622
1600793238744	275450	51335	63371	57178	56987	46577
1600793239077	231534	56738	44795	40015	44009	45975
1600793239416	245805	48669	54415	50716	47941	44061
1600793239776	224761	49555	48977	34530	45913	45783
1600793240077	257096	51262	52475	57960	49561	45837
1600793240413	265627	50526	55470	52744	55544	51342
1600793240744	249555	50574	49990	46259	50093	52637
1600793241081	255902	55192	55560	48495	52456	44195
1600793241425	226151	18654	56447	45811	54720	50517
1600793241754	315094	81285	44708	36373	77586	75139
1600793242091	214816	57451	55973	59795	19000	22596
1600793242411	232509	46734	48450	44940	49806	42578
1600793242754	286437	57661	62466	59285	55723	51300
1600793243101	227259	47959	48559	40429	45596	44714
1600793243415	251780	53111	50671	48585	51000	48410
1600793243756	245999	48844	50844	47953	51143	47214
1600793244077	272308	50177	60470	55626	53769	52264
1600793244415	230532	55757	48236	40778	44076	41683
1600793244744	286954	55589	56844	52556	62714	59249
1600793245082	196568	43633	44553	34615	38192	35573
1600793245433	259259	50777	52532	54723	51444	49780
1600793245748	270739	55838	58857	53209	51180	51653
1600793246090	242482	49652	52397	43046	53444	43941
1600793246412	256270	54354	50487	49947	51273	50208
1600793246744	257283	54587	54078	50484	49984	48147
1600793247077	223699	45915	47156	41957	45099	43570
1600793247413	252464	50747	53187	44485	53732	50312
1600793247804	234496	47744	49493	47084	45872	44301
1600793248077	277102	58355	57490	59190	52087	49978
1600793248463	246727	46183	56246	43800	52119	48378
1600793248744	234857	54067	45907	44402	46359	44120
1600793249080	276074	58136	56842	54473	56163	50458
1600793249424	237159	45215	47747	44683	50232	49281
1600793249746	244928	56136	53496	46046	45717	43531
1600793250133	233506	2852	62038	57248	58511	52855
1600793250463	267257	105733	43824	38036	40724	38939
1600793250754	223278	45903	42958	43945	46412	44058
1600793251084	306533	57418	68845	57948	63112	59209
1600793251420	228035	52732	45038	43327	43690	43247
1600793251757	257501	54109	52080	47798	56080	47433
1600793252112	253335	48923	54971	49430	46543	53464
1600793252415	343330	50435	49432	77145	88369	77947
1600793252744	165103	55829	57215	20507	16486	15063
1600793253096	250181	48678	50184	48289	51508	51519
1600793253422	245058	54825	52938	47800	48503	40990
1600793253744	245919	48338	54732	47810	46903	48133
1600793254077	249714	51216	47909	45318	53228	52042
1600793254437	85133	19147	20711	17819	15394	12061
1600793254749	0	0	0	0	0	0
1600793255097	0	0	0	0	0	0
1600793255414	0	0	0	0	0	0
1600793255815	0	0	0	0	0	0
1600793256077	0	0	0	0	0	0
1600793256411	0	0	0	0	0	0
1600793256835	0	0	0	0	0	0
1600793257077	0	0	0	0	0	0
1600793257411	0	0	0	0	0	0
1600793257752	0	0	0	0	0	0
1600793258077	0	0	0	0	0	0
1600793258411	0	0	0	0	0	0
1600793258746	0	0	0	0	0	0
1600793259085	0	0	0	0	0	0
1600793259424	0	0	0	0	0	0
1600793259748	0	0	0	0	0	0
1600793260110	0	0	0	0	0	0
1600793260411	0	0	0	0	0	0
1600793260752	0	0	0	0	0	0
1600793261083	0	0	0	0	0	0
1600793261411	0	0	0	0	0	0
1600793261744	0	0	0	0	0	0
1600793262077	0	0	0	0	0	0
1600793262411	0	0	0	0	0	0
1600793262744	0	0	0	0	0	0
1600793263077	0	0	0	0	0	0
1600793263411	0	0	0	0	0	0
1600793263744	0	0	0	0	0	0
1600793264077	0	0	0	0	0	0
1600793264411	0	0	0	0	0	0
1600793264744	0	0	0	0	0	0
1600793265077	0	0	0	0	0	0
