INPUT-0	OUTPUT-0	VISIBLE-0	LATENCY-0	INPUT-1	OUTPUT-1	VISIBLE-1	LATENCY-1	INPUT-2	OUTPUT-2	VISIBLE-2	LATENCY-2	INPUT-3	OUTPUT-3	VISIBLE-3	LATENCY-3	INPUT-4	OUTPUT-4	VISIBLE-4	LATENCY-4	INPUT-5	OUTPUT-5	VISIBLE-5	LATENCY-5	INPUT-6	OUTPUT-6	VISIBLE-6	LATENCY-6	INPUT-7	OUTPUT-7	VISIBLE-7	LATENCY-7	INPUT-8	OUTPUT-8	VISIBLE-8	LATENCY-8	INPUT-9	OUTPUT-9	VISIBLE-9	LATENCY-9
1605553713324	1605553721770	0	8446	1605553714846	1605553721808	0	6962	1605553714295	1605553721825	0	7530	1605553717332	1605553721832	0	4500	1605553717682	1605553721847	0	4165	1605553719027	1605553720788	0	1761	1605553713528	1605553721876	0	8348	1605553714487	1605553721881	0	7394	1605553717929	1605553721898	0	3969	1605553714148	1605553721909	0	7761
1605553719246	1605553720752	0	1506	1605553718776	1605553720762	0	1986	1605553719113	1605553720766	0	1653	1605553719278	1605553720772	0	1494	1605553719043	1605553720775	0	1732	1605553719949	1605553721864	0	1915	1605553718777	1605553720813	0	2036	1605553719740	1605553720820	0	1080	1605553718292	1605553720828	0	2536	1605553718822	1605553720837	0	2015
1605553724187	1605553731769	0	7582	1605553726540	1605553731786	0	5246	1605553725172	1605553731842	0	6670	1605553724588	1605553731850	0	7262	1605553728588	1605553731865	0	3277	1605553726414	1605553730840	0	4426	1605553725511	1605553730848	0	5337	1605553726664	1605553730852	0	4188	1605553723702	1605553731975	0	8273	1605553724206	1605553730268	0	6062
1605553729434	1605553730788	0	1354	1605553726715	1605553730798	0	4083	1605553726785	1605553730803	0	4018	1605553729718	1605553730813	0	1095	1605553729039	1605553730835	0	1796	1605553738166	1605553740819	0	2653	1605553726568	1605553731945	0	5377	1605553726817	1605553731964	0	5147	1605553729798	1605553730856	0	1058	1605553726068	1605553730867	0	4799
1605553733933	1605553741801	0	7868	1605553734892	1605553741816	0	6924	1605553737769	1605553741831	0	4062	1605553732832	1605553741841	0	9009	1605553736500	1605553741846	0	5346	1605553738741	1605553741860	0	3119	1605553732537	1605553741867	0	9330	1605553736647	1605553740845	0	4198	1605553732537	1605553741878	0	9341	1605553733028	1605553741935	0	8907
1605553738211	1605553740759	0	2548	1605553737929	1605553740767	0	2838	1605553739244	1605553740784	0	1540	1605553737122	1605553740798	0	3676	1605553738116	1605553740800	0	2684	1605553747581	1605553750846	0	3265	1605553736975	1605553740828	0	3853	1605553737217	1605553741874	0	4657	1605553737426	1605553740869	0	3443	1605553733540	1605553740309	0	6769
1605553747245	1605553751768	0	4523	1605553747425	1605553751811	0	4386	1605553746036	1605553751844	0	5808	1605553743077	1605553751880	0	8803	1605553747115	1605553750839	0	3724	1605553752295	1605553761854	0	9559	1605553746853	1605553750853	0	4000	1605553746729	1605553750863	0	4134	1605553745304	1605553750895	0	5591	1605553739589	1605553740872	0	1283
1605553748032	1605553750815	0	2783	1605553747977	1605553750825	0	2848	1605553747438	1605553750830	0	3392	1605553747438	1605553750833	0	3395	1605553753847	1605553761835	0	7988	1605553755477	1605553760860	0	5383	1605553756402	1605553760893	0	4491	1605553755533	1605553761877	0	6344	1605553755953	1605553761883	0	5930	1605553743228	1605553750908	0	7680
1605553754461	1605553761772	0	7311	1605553752507	1605553761785	0	9278	1605553757144	1605553760802	0	3658	1605553754892	1605553761825	0	6933	1605553756261	1605553760850	0	4589	1605553764918	1605553772881	0	7963	1605553758405	1605553761870	0	3465	1605553757714	1605553760906	0	3192	1605553756045	1605553760912	0	4867	1605553750782	1605553761903	0	11121
1605553756740	1605553760764	0	4024	1605553756713	1605553760780	0	4067	1605553759579	1605553761812	0	2233	1605553756499	1605553760830	0	4331	1605553766061	1605553772869	0	6808	1605553767711	1605553771902	0	4191	1605553768856	1605553771907	0	3051	1605553769543	1605553771918	0	2375	1605553768430	1605553771927	0	3497	1605553756661	1605553760957	0	4296
1605553768662	1605553772766	0	4104	1605553768308	1605553772828	0	4520	1605553766592	1605553772837	0	6245	1605553762688	1605553772847	0	10159	1605553767887	1605553771883	0	3996	1605553775991	1605553780853	0	4862	1605553769941	1605553772896	0	2955	1605553779586	1605553780915	0	1329	1605553775812	1605553780933	0	5121	1605553768430	1605553771935	0	3505
1605553769725	1605553771768	0	2043	1605553777370	1605553780777	0	3407	1605553769039	1605553771870	0	2831	1605553769985	1605553771881	0	1896	1605553776084	1605553780835	0	4751	1605553785739	1605553791945	0	6206	1605553778741	1605553780887	0	2146	1605553781280	1605553791986	0	10706	1605553778213	1605553780297	0	2084	1605553774578	1605553780301	0	5723
1605553777520	1605553780765	0	3245	1605553784426	1605553791811	0	7385	1605553776590	1605553780798	0	4208	1605553776316	1605553780814	0	4498	1605553783284	1605553791901	0	8617	1605553789973	1605553790812	0	839	1605553784123	1605553791956	0	7833	1605553789949	1605553790831	0	882	1605553786392	1605553791995	0	5603	1605553775267	1605553780941	0	5674
1605553787686	1605553790772	0	3086	1605553786124	1605553790789	0	4665	1605553781746	1605553791843	0	10097	1605553783770	1605553791873	0	8103	1605553789988	1605553790807	0	819	1605553799046	1605553800877	0	1831	1605553789995	1605553790824	0	829	1605553797570	1605553800891	0	3321	1605553789782	1605553790835	0	1053	1605553784904	1605553792011	0	7107
1605553789312	1605553791772	0	2460	1605553794271	1605553801817	0	7546	1605553789957	1605553790795	0	838	1605553789625	1605553790802	0	1177	1605553798348	1605553800862	0	2514	1605553805577	1605553810831	0	5254	1605553796985	1605553800882	0	3897	1605553805891	1605553810838	0	4947	1605553797584	1605553800895	0	3311	1605553789893	1605553790857	0	964
1605553796257	1605553801790	0	5533	1605553798177	1605553800790	0	2613	1605553794385	1605553801832	0	7447	1605553797063	1605553800841	0	3778	1605553805976	1605553810829	0	4853	1605553816663	1605553820795	0	4132	1605553805891	1605553810833	0	4942	1605553818749	1605553820858	0	2109	1605553802886	1605553810847	0	7961	1605553796892	1605553800910	0	4018
1605553798853	1605553800770	0	1917	1605553806291	1605553810796	0	4505	1605553797812	1605553800816	0	3004	1605553806076	1605553810824	0	4748	1605553817320	1605553820790	0	3470	1605553825359	1605553830837	0	5478	1605553816800	1605553820806	0	4006	1605553828952	1605553830875	0	1923	1605553813168	1605553820882	0	7714	1605553805861	1605553810851	0	4990
1605553809484	1605553810788	0	1304	1605553817346	1605553820776	0	3430	1605553806165	1605553810804	0	4639	1605553817408	1605553820787	0	3379	1605553827263	1605553830824	0	3561	1605553831298	1605553841964	0	10666	1605553829151	1605553830850	0	1699	1605553837991	1605553840823	0	2832	1605553825758	1605553830899	0	5141	1605553815835	1605553820898	0	5063
1605553817348	1605553820762	0	3414	1605553825925	1605553830777	0	4852	1605553817264	1605553820780	0	3516	1605553826238	1605553830816	0	4578	1605553835399	1605553841941	0	6542	1605553836062	1605553840794	0	4732	1605553836548	1605553840802	0	4254	1605553838704	1605553842012	0	3308	1605553834315	1605553842022	0	7707	1605553823347	1605553830261	0	6914
1605553825974	1605553830766	0	4792	1605553839638	1605553840765	0	1127	1605553825614	1605553830796	0	5182	1605553833486	1605553841915	0	8429	1605553839655	1605553840783	0	1128	1605553846874	1605553850828	0	3954	1605553838741	1605553841997	0	3256	1605553845754	1605553850846	0	5092	1605553835386	1605553840253	0	4867	1605553824507	1605553830930	0	6423
1605553829299	1605553831814	0	2515	1605553839889	1605553841851	0	1962	1605553836124	1605553841863	0	5739	1605553836357	1605553840777	0	4420	1605553846950	1605553850825	0	3875	1605553858211	1605553860872	0	2661	1605553845754	1605553850845	0	5091	1605553856663	1605553860895	0	4232	1605553837163	1605553840827	0	3664	1605553832554	1605553842064	0	9510
1605553833150	1605553841774	0	8624	1605553842542	1605553851798	0	9256	1605553836950	1605553840771	0	3821	1605553847168	1605553850816	0	3648	1605553854965	1605553861871	0	6906	1605553868036	1605553870818	0	2782	1605553858211	1605553860881	0	2670	1605553866943	1605553870826	0	3883	1605553846824	1605553850849	0	4025	1605553837551	1605553840847	0	3296
1605553836628	1605553840755	0	4127	1605553849975	1605553850789	0	814	1605553845694	1605553851805	0	6111	1605553856139	1605553860846	0	4707	1605553856525	1605553860862	0	4337	1605553869134	1605553871954	0	2820	1605553866971	1605553870824	0	3853	1605553872722	1605553881873	0	9151	1605553856780	1605553860901	0	4121	1605553839980	1605553840262	0	282
1605553847188	1605553850784	0	3596	1605553856325	1605553861798	0	5473	1605553849336	1605553850794	0	1458	1605553856313	1605553861856	0	5543	1605553869325	1605553870802	0	1477	1605553877717	1605553880774	0	3057	1605553877088	1605553880779	0	3691	1605553877579	1605553880782	0	3203	1605553866569	1605553870829	0	4260	1605553849874	1605553850860	0	986
