TIME	THROUGHPUT	PART-0	PART-1	PART-2	PART-3	PART-4	PART-5	PART-6	PART-7	PART-8	PART-9
1605553711532	46682	4847	4797	4707	4719	4629	4670	4607	4590	4556	4555
1605553712545	28061	3016	2988	2904	2788	2784	2768	2698	2698	2705	2706
1605553713529	896	112	104	106	87	83	84	84	83	76	73
1605553716572	0	0	0	0	0	0	0	0	0	0	0
1605553719594	23	0	0	0	0	0	0	0	0	5	14
1605553720493	4883	88	201	253	340	388	392	487	767	937	1025
1605553720576	89590	11060	10301	10566	9795	9746	9506	9734	6698	6337	5843
1605553720654	74538	6384	7371	7282	7769	7833	7987	6653	7435	8166	7653
1605553720774	26825	4616	3816	3500	3066	2791	2791	2808	2275	675	483
1605553720800	9653	2038	1500	423	461	192	153	115	230	1230	3307
1605553721582	49031	4901	4896	4902	4901	4897	4937	4934	4934	4896	4828
1605553722535	25402	2525	2550	2556	2557	2560	2530	2530	2529	2532	2528
1605553723546	269	56	33	24	23	21	22	21	21	21	20
1605553724552	0	0	0	0	0	0	0	0	0	0	0
1605553725526	0	0	0	0	0	0	0	0	0	0	0
1605553726543	0	0	0	0	0	0	0	0	0	0	0
1605553727531	0	0	0	0	0	0	0	0	0	0	0
1605553728527	0	0	0	0	0	0	0	0	0	0	0
1605553729527	0	0	0	0	0	0	0	0	0	0	0
1605553730591	26892	2650	2652	2631	2656	2657	2664	2713	2715	2714	2837
1605553731588	50533	5088	5089	5110	5083	5084	5075	5026	5024	5036	4916
1605553732526	3234	328	329	328	328	327	326	327	326	311	301
1605553733530	0	0	0	0	0	0	0	0	0	0	0
1605553734555	0	0	0	0	0	0	0	0	0	0	0
1605553735526	0	0	0	0	0	0	0	0	0	0	0
1605553736534	0	0	0	0	0	0	0	0	0	0	0
1605553737583	0	0	0	0	0	0	0	0	0	0	0
1605553738589	0	0	0	0	0	0	0	0	0	0	0
1605553739571	0	0	0	0	0	0	0	0	0	0	0
1605553740528	22159	1963	1998	2064	2193	2237	2278	2300	2354	2368	2399
1605553741621	53802	5517	5516	5464	5391	5354	5316	5354	5308	5302	5275
1605553742540	6544	755	715	710	667	662	664	596	595	587	588
1605553743535	0	0	0	0	0	0	0	0	0	0	0
1605553744538	0	0	0	0	0	0	0	0	0	0	0
1605553745528	0	0	0	0	0	0	0	0	0	0	0
1605553746527	0	0	0	0	0	0	0	0	0	0	0
1605553747544	0	0	0	0	0	0	0	0	0	0	0
1605553748745	0	0	0	0	0	0	0	0	0	0	0
1605553749526	0	0	0	0	0	0	0	0	0	0	0
1605553750530	17843	1542	1615	1576	1649	1716	1870	1919	1935	2008	2008
1605553751528	66284	6698	6624	6807	6754	6669	6602	6575	6561	6495	6495
1605553752557	4372	604	606	466	446	464	379	356	355	345	346
1605553753527	0	0	0	0	0	0	0	0	0	0	0
1605553754573	0	0	0	0	0	0	0	0	0	0	0
1605553755585	0	0	0	0	0	0	0	0	0	0	0
1605553756526	0	0	0	0	0	0	0	0	0	0	0
1605553757599	0	0	0	0	0	0	0	0	0	0	0
1605553758534	0	0	0	0	0	0	0	0	0	0	0
1605553759530	0	0	0	0	0	0	0	0	0	0	0
1605553760548	22307	1945	2001	2062	2088	2166	2335	2365	2353	2491	2496
1605553761530	59728	6129	6092	6100	6096	6034	5903	5890	5909	5789	5782
1605553762529	6748	811	789	720	696	678	636	619	611	591	591
1605553763534	0	0	0	0	0	0	0	0	0	0	0
1605553764545	0	0	0	0	0	0	0	0	0	0	0
1605553765534	0	0	0	0	0	0	0	0	0	0	0
1605553766558	0	0	0	0	0	0	0	0	0	0	0
1605553767536	0	0	0	0	0	0	0	0	0	0	0
1605553768550	0	0	0	0	0	0	0	0	0	0	0
1605553769578	0	0	0	0	0	0	0	0	0	0	0
1605553770534	0	0	0	0	0	0	0	0	0	0	0
1605553771613	5629	320	421	468	524	565	584	683	684	650	724
1605553772537	78293	7988	7951	7897	7863	7804	7762	7688	7704	7837	7795
1605553773532	8970	1014	936	933	909	917	935	897	882	792	750
1605553774565	0	0	0	0	0	0	0	0	0	0	0
1605553775526	0	0	0	0	0	0	0	0	0	0	0
1605553776540	0	0	0	0	0	0	0	0	0	0	0
1605553777526	0	0	0	0	0	0	0	0	0	0	0
1605553778562	0	0	0	0	0	0	0	0	0	0	0
1605553779581	0	0	0	0	0	0	0	0	0	0	0
1605553780530	29056	2463	2742	2810	2887	2918	3027	3031	3031	3038	3104
1605553781528	68934	7303	7041	6981	6903	6880	6774	6772	6781	6778	6716
1605553782528	588	68	65	63	65	61	60	59	50	48	49
1605553783543	0	0	0	0	0	0	0	0	0	0	0
1605553784526	0	0	0	0	0	0	0	0	0	0	0
1605553785572	0	0	0	0	0	0	0	0	0	0	0
1605553786546	0	0	0	0	0	0	0	0	0	0	0
1605553787533	0	0	0	0	0	0	0	0	0	0	0
1605553788526	0	0	0	0	0	0	0	0	0	0	0
1605553789542	0	0	0	0	0	0	0	0	0	0	0
1605553790526	0	0	0	0	0	0	0	0	0	0	0
1605553791526	80392	7633	7687	7796	8032	8059	8168	8228	8230	8239	8320
1605553792538	19258	2326	2275	2165	1932	1906	1799	1740	1736	1729	1648
1605553793548	0	0	0	0	0	0	0	0	0	0	0
1605553794543	0	0	0	0	0	0	0	0	0	0	0
1605553795531	0	0	0	0	0	0	0	0	0	0	0
1605553796561	0	0	0	0	0	0	0	0	0	0	0
1605553797550	0	0	0	0	0	0	0	0	0	0	0
1605553798530	0	0	0	0	0	0	0	0	0	0	0
1605553799535	0	0	0	0	0	0	0	0	0	0	0
1605553800590	15539	1090	1503	1512	1548	1600	1634	1642	1654	1657	1694
1605553801553	81062	8448	8071	8082	8044	8077	8049	8064	8069	8094	8059
1605553802569	6151	773	698	681	680	592	586	562	547	516	512
1605553803546	0	0	0	0	0	0	0	0	0	0	0
1605553804540	0	0	0	0	0	0	0	0	0	0	0
1605553805534	0	0	0	0	0	0	0	0	0	0	0
1605553806530	0	0	0	0	0	0	0	0	0	0	0
1605553807526	0	0	0	0	0	0	0	0	0	0	0
1605553808526	0	0	0	0	0	0	0	0	0	0	0
1605553809526	0	0	0	0	0	0	0	0	0	0	0
1605553810627	30460	2845	2855	2909	2890	3026	3079	3118	3157	3230	3347
1605553811553	74551	7650	7640	7577	7652	7494	7430	7382	7336	7254	7131
1605553812526	330	73	72	73	19	18	18	17	17	17	1
1605553813534	0	0	0	0	0	0	0	0	0	0	0
1605553814546	0	0	0	0	0	0	0	0	0	0	0
1605553815531	0	0	0	0	0	0	0	0	0	0	0
1605553816569	0	0	0	0	0	0	0	0	0	0	0
1605553817529	0	0	0	0	0	0	0	0	0	0	0
1605553818529	0	0	0	0	0	0	0	0	0	0	0
1605553819530	0	0	0	0	0	0	0	0	0	0	0
1605553820568	27473	2421	2459	2492	2509	2775	2749	2907	2998	3060	3098
1605553821526	73486	7681	7653	7615	7599	7323	7351	7183	7084	7015	6977
1605553822539	82	24	16	15	13	3	1	1	1	0	0
1605553823534	0	0	0	0	0	0	0	0	0	0	0
1605553824534	0	0	0	0	0	0	0	0	0	0	0
1605553825530	0	0	0	0	0	0	0	0	0	0	0
1605553826529	0	0	0	0	0	0	0	0	0	0	0
1605553827534	0	0	0	0	0	0	0	0	0	0	0
1605553828528	0	0	0	0	0	0	0	0	0	0	0
1605553829526	0	0	0	0	0	0	0	0	0	0	0
1605553830527	28808	2631	2667	2790	2825	2868	2865	2972	3004	3074	3108
1605553831527	67410	6930	6890	6770	6823	6777	6783	6676	6644	6576	6541
1605553832526	1681	231	230	231	143	143	143	140	140	140	139
1605553833532	0	0	0	0	0	0	0	0	0	0	0
1605553834597	0	0	0	0	0	0	0	0	0	0	0
1605553835573	0	0	0	0	0	0	0	0	0	0	0
1605553836536	0	0	0	0	0	0	0	0	0	0	0
1605553837530	0	0	0	0	0	0	0	0	0	0	0
1605553838616	0	0	0	0	0	0	0	0	0	0	0
1605553839529	0	0	0	0	0	0	0	0	0	0	0
1605553840530	25207	2335	2347	2348	2348	2491	2501	2615	2671	2723	2824
1605553841548	73371	7368	7410	7390	7487	7349	7379	7280	7256	7268	7179
1605553842528	6814	838	784	798	702	698	655	645	613	542	533
1605553843529	0	0	0	0	0	0	0	0	0	0	0
1605553844536	0	0	0	0	0	0	0	0	0	0	0
1605553845526	0	0	0	0	0	0	0	0	0	0	0
1605553846538	0	0	0	0	0	0	0	0	0	0	0
1605553847576	0	0	0	0	0	0	0	0	0	0	0
1605553848531	0	0	0	0	0	0	0	0	0	0	0
1605553849528	0	0	0	0	0	0	0	0	0	0	0
1605553850572	21394	1912	2016	2059	2119	2119	2181	2203	2218	2256	2306
1605553851564	75418	7637	7566	7553	7518	7580	7518	7517	7538	7520	7468
1605553852535	2921	436	398	366	337	273	271	249	210	189	187
1605553853594	0	0	0	0	0	0	0	0	0	0	0
1605553854546	0	0	0	0	0	0	0	0	0	0	0
1605553855592	0	0	0	0	0	0	0	0	0	0	0
1605553856526	0	0	0	0	0	0	0	0	0	0	0
1605553857530	0	0	0	0	0	0	0	0	0	0	0
1605553858544	0	0	0	0	0	0	0	0	0	0	0
1605553859553	0	0	0	0	0	0	0	0	0	0	0
1605553860528	17586	1576	1658	1692	1694	1699	1727	1739	1883	1941	1974
1605553861530	71482	7292	7225	7208	7209	7204	7180	7177	7039	6986	6957
1605553862593	3918	423	411	395	392	393	391	381	380	375	374
1605553863535	0	0	0	0	0	0	0	0	0	0	0
1605553864526	0	0	0	0	0	0	0	0	0	0	0
1605553865555	0	0	0	0	0	0	0	0	0	0	0
1605553866593	0	0	0	0	0	0	0	0	0	0	0
1605553867534	0	0	0	0	0	0	0	0	0	0	0
1605553868559	0	0	0	0	0	0	0	0	0	0	0
1605553869526	0	0	0	0	0	0	0	0	0	0	0
1605553870530	16498	1347	1415	1596	1654	1703	1732	1751	1747	1773	1775
1605553871563	72060	7454	7413	7249	7194	7149	7132	7117	7126	7101	7121
1605553872556	3457	393	365	355	353	350	337	334	330	331	305
1605553873534	0	0	0	0	0	0	0	0	0	0	0
1605553874536	0	0	0	0	0	0	0	0	0	0	0
1605553875549	0	0	0	0	0	0	0	0	0	0	0
1605553876529	0	0	0	0	0	0	0	0	0	0	0
1605553877526	0	0	0	0	0	0	0	0	0	0	0
1605553878526	0	0	0	0	0	0	0	0	0	0	0
1605553879526	0	0	0	0	0	0	0	0	0	0	0
1605553880526	20409	1959	2012	2012	2027	2026	2029	2050	2062	2086	2146
