TIME	THROUGHPUT	PART-0	PART-1	PART-2	PART-3	PART-4
1600798530252	406955	65778	73592	65065	103482	99035
1600798530631	136701	52609	37939	34058	5968	6126
1600798530918	222261	41386	47181	43233	48648	41811
1600798531257	269799	54831	58631	49536	54244	52554
1600798531603	246583	54589	51500	47867	47809	44817
1600798531931	219435	45411	47286	41722	44469	40545
1600798532256	274855	55655	56080	52578	55089	55452
1600798532589	253585	52471	52372	50153	51108	47480
1600798532918	237936	48352	51319	45604	47793	44866
1600798533291	249514	51005	52512	47230	50997	47769
1600798533585	278850	57557	57142	54129	55214	54806
1600798533920	239844	50158	50713	45794	49223	43955
1600798534263	252568	47542	55206	49145	52303	48370
1600798534598	254247	57611	53770	47480	48620	46764
1600798534926	228664	45152	46798	44515	46911	45286
1600798535313	254801	52330	53863	46739	52201	49666
1600798535585	252544	51786	52775	51499	50014	46466
1600798535918	241366	47570	49975	45513	47138	51168
1600798536252	254458	54188	51925	50502	52577	45263
1600798536585	264810	57111	58996	48690	52291	47720
1600798536924	250784	50474	51988	48825	51666	47828
1600798537264	256985	50405	52838	47932	51408	54399
1600798537606	249035	54862	53619	47953	49964	42634
1600798537918	242657	47862	47804	46641	50903	49445
1600798538254	240589	49416	55026	45330	45708	45107
1600798538596	243663	49070	51839	47195	51356	44201
1600798538938	247739	52111	49236	49210	49491	47690
1600798539258	260809	56778	56662	47006	51309	49053
1600798539587	227799	46072	45686	44446	46674	44917
1600798539919	249472	48219	56460	48653	48993	47144
1600798540285	277475	60592	54513	50718	57661	53989
1600798540594	215203	44834	43647	43352	41669	41699
1600798540918	272537	52814	59756	51753	56364	51848
1600798541253	238856	49785	50776	45940	49791	42564
1600798541593	263605	54535	54499	51364	51094	52111
1600798541920	249541	51629	51865	46452	49785	49807
1600798542262	242739	48976	51523	47552	50909	43777
1600798542585	253777	54058	56637	46681	49962	46436
1600798542925	252958	50667	51864	48347	52502	49576
1600798543252	246437	52262	51000	48048	47737	47388
1600798543597	255284	52417	53284	49513	51542	48527
1600798543939	260669	55038	55909	48529	51514	49678
1600798544336	244143	49697	50748	45989	50596	47110
1600798544600	232446	44503	50943	49647	45291	42060
1600798544918	253018	51742	51647	47229	52556	49842
1600798545294	209492	47486	48521	41335	44896	27252
1600798545595	293990	60019	58362	51212	55617	68777
1600798545918	258972	50058	52130	50913	52662	53207
1600798546257	241693	50005	54179	47035	47884	42587
1600798546593	262452	53767	53008	52446	53839	49389
1600798546927	256589	55266	52065	45140	50781	53335
1600798547252	245150	49310	53033	49310	48975	44520
1600798547587	252991	51000	54423	48817	51259	47489
1600798547929	243304	50640	52049	44423	49380	46809
1600798548252	239111	50263	48411	46832	47848	45755
1600798548589	264112	54664	54136	52344	52860	50106
1600798548924	244459	48486	52785	44334	49194	49659
1600798549252	256978	54814	54420	49640	51277	46826
1600798549592	245229	49794	52117	47638	50214	45464
1600798549933	244621	50337	50307	46087	49240	48648
1600798550260	263180	51357	55464	51896	53987	50474
1600798550586	253941	55601	54687	46576	50674	46401
1600798550946	227180	45766	47808	45441	45602	42561
1600798551266	262040	55656	53984	46818	52759	52821
1600798551592	266861	53076	59242	52889	51300	50352
1600798551922	228348	48987	46696	44415	46803	41445
1600798552253	243873	45380	50634	48438	53299	46120
1600798552586	269948	62486	56066	47348	49870	54177
1600798552919	232843	47543	49744	45243	49186	41126
1600798553255	271467	48229	57035	55532	54714	55955
1600798553588	246975	56684	49825	45258	51234	43972
1600798553918	248215	50551	52296	48669	47945	48751
1600798554252	253514	53113	54362	47706	50994	47338
1600798554591	238182	47823	49336	47247	48530	45244
1600798554918	259819	57177	57688	48330	48045	48577
1600798555263	244681	43913	51237	47455	53057	49017
1600798555599	252565	54642	49065	47297	51979	49580
1600798555918	239532	50981	54178	43868	47952	42551
1600798556254	265455	56776	54535	53306	51312	49523
1600798556585	221851	44229	44410	43311	46700	43199
1600798556929	261389	52424	56020	50034	52043	50866
1600798557277	253442	50870	56344	45770	52451	48005
1600798557585	250902	52172	50558	50305	49876	47990
1600798557920	270202	54805	55032	50402	57632	52328
1600798558254	230146	49514	49667	44901	43805	42257
1600798558589	275152	57331	58868	51886	54737	52328
1600798558918	224541	46258	44553	43702	43784	46243
1600798559257	243209	48932	55460	46766	49483	42566
1600798559585	261158	54570	52484	49518	54003	50582
1600798559935	252022	50202	53451	49477	49900	48991
1600798560256	228249	50320	48753	42049	44713	42411
1600798560585	267598	51635	55404	52072	56890	51595
1600798560920	232800	49089	48722	40101	43265	51620
1600798561297	272904	56649	58647	54618	58111	44877
1600798561585	230916	43701	46375	48288	47204	45347
1600798561947	255629	53632	55997	46563	50251	49185
1600798562269	258571	53888	51698	48571	55704	48708
1600798562593	244787	53453	54043	47919	44725	44645
1600798562920	311308	49048	51097	48388	83963	78810
1600798563255	189197	53316	52119	47131	19244	17385
1600798563588	237441	47165	51549	44978	47357	46390
1600798563918	281906	55545	59106	55803	57051	54400
1600798564263	220446	48973	45292	40252	44802	41124
1600798564585	253381	52944	51860	50413	48816	49347
1600798564919	263254	50895	57137	50485	54871	49865
1600798565267	295215	63830	62272	54905	59135	55071
1600798565606	215560	45336	45126	40598	38238	46259
1600798565919	198127	37907	43115	39469	44741	32894
1600798566252	280657	57591	59849	55621	53777	53816
1600798566586	253254	54580	52482	45410	54532	46248
1600798566935	236762	47189	49790	48773	44475	46532
1600798567335	257757	54010	53350	45895	54580	49922
1600798567600	245573	48407	53532	47803	49520	46309
1600798567938	239698	50213	49204	44408	50005	45866
1600798568252	222140	44882	44882	47484	41996	42894
1600798568603	138740	30623	29467	24495	29367	24786
1600798568922	0	0	0	0	0	0
1600798569262	0	0	0	0	0	0
1600798569585	0	0	0	0	0	0
1600798569918	0	0	0	0	0	0
1600798570294	0	0	0	0	0	0
1600798570595	0	0	0	0	0	0
1600798570930	0	0	0	0	0	0
1600798571252	0	0	0	0	0	0
1600798571626	0	0	0	0	0	0
1600798571921	0	0	0	0	0	0
1600798572252	0	0	0	0	0	0
1600798572593	0	0	0	0	0	0
1600798572923	53403	16078	8466	13184	15672	0
1600798573252	156884	35398	45604	36051	39829	0
1600798573589	181504	45430	44866	45308	43237	2661
1600798573934	329052	73411	73414	62704	69176	50344
1600798574342	414938	87904	90610	80387	85833	70203
1600798574613	214845	24856	24472	25719	22966	116830
1600798574929	105319	12484	13857	11430	12424	55123
1600798575252	0	0	0	0	0	0
1600798575602	0	0	0	0	0	0
1600798575919	0	0	0	0	0	0
1600798576252	0	0	0	0	0	0
1600798576585	0	0	0	0	0	0
1600798576922	0	0	0	0	0	0
1600798577256	0	0	0	0	0	0
1600798577587	0	0	0	0	0	0
1600798577920	0	0	0	0	0	0
1600798578252	0	0	0	0	0	0
1600798578597	0	0	0	0	0	0
1600798578921	0	0	0	0	0	0
1600798579252	0	0	0	0	0	0
1600798579597	0	0	0	0	0	0
1600798579920	0	0	0	0	0	0
1600798580252	2379	590	575	581	632	0
1600798580585	31783	7438	6519	7945	9879	0
1600798580921	71714	19848	17571	19163	15130	0
1600798581252	161640	38507	44211	38870	40051	0
1600798581585	245060	57105	53831	60915	66210	6996
1600798581928	318679	77384	71116	60766	64510	44900
1600798582252	290830	54984	61401	48416	46990	79037
1600798582616	6412	0	0	0	0	6412
1600798582963	0	0	0	0	0	0
1600798583255	0	0	0	0	0	0
1600798583586	0	0	0	0	0	0
1600798583929	0	0	0	0	0	0
1600798584260	0	0	0	0	0	0
1600798584626	0	0	0	0	0	0
1600798584918	0	0	0	0	0	0
1600798585266	11002	2893	2781	2459	2867	0
1600798585585	68332	18329	15702	16119	18181	0
1600798585923	47810	11775	12742	12428	10863	0
1600798586252	124683	30057	33240	29808	31577	0
1600798586586	189311	44679	48452	44652	47916	3610
1600798586923	177691	41581	40005	32724	35537	27842
1600798587263	211864	41450	41570	37841	40208	50794
1600798587591	336457	64378	70271	70320	57301	74185
1600798587925	342068	72574	76829	62721	83511	46431
1600798588258	363657	72948	77372	70816	69219	73300
1600798588585	387611	63348	58755	52137	56856	156513
1600798588943	340550	68592	70583	70639	66477	64256
1600798589253	316370	65864	64677	58119	69619	58090
1600798589585	274171	56352	57518	51677	54373	54250
1600798589918	350615	74351	72000	68198	68489	67576
1600798590282	304236	61412	62156	58310	62788	59568
1600798590585	320056	64333	69366	58914	70762	56679
1600798590918	312711	65501	65630	61585	60576	59417
1600798591255	372267	77649	79246	71801	72617	70952
1600798591592	593658	120430	127913	111688	120249	113376
1600798591918	127708	26395	23518	25119	26546	26128
1600798592257	363103	73749	78427	63616	76752	70557
1600798592586	289568	60224	58893	59440	54613	56395
1600798592919	316792	68120	63987	61096	65009	58579
1600798593252	320861	64135	68174	62618	63843	62090
1600798593585	302063	61069	63927	58477	62087	56501
1600798593989	283967	59673	59309	52123	58915	53945
1600798594263	233138	45802	51857	46120	43832	45525
1600798594601	133254	31881	28307	23748	23331	25985
1600798594918	132564	26662	27501	23574	24905	29921
1600798595253	484268	98002	104056	93220	102988	86000
1600798595606	350025	69889	71090	69424	68716	70903
1600798595924	364566	76691	79569	67893	75179	65232
1600798596252	351051	73182	70442	67783	69027	70615
1600798596585	321735	63714	69504	61561	63237	63717
1600798596938	307212	65382	67872	59237	63269	51450
1600798597288	304217	62454	58100	58591	60457	64614
1600798597587	293130	60558	64254	57588	60441	50287
1600798597933	321803	67430	67719	60104	64046	62502
1600798598272	306058	55283	58483	52117	54176	85997
1600798598608	318288	69440	73226	65687	75074	34860
1600798598918	337783	72516	67580	68641	69032	60012
1600798599254	330610	64086	70413	60148	70928	65032
1600798599586	295894	63111	63439	60397	55454	53490
1600798599918	340277	71984	72759	60834	67310	67388
1600798600252	326119	65805	69140	63613	66332	61227
1600798600588	285681	59684	60303	57065	57940	50687
1600798600927	315669	68277	65675	56743	60448	64525
1600798601264	317712	63554	66353	62537	66454	58813
1600798601587	235452	52037	47046	43436	45832	47099
1600798601918	205024	42229	45969	40280	38580	37963
1600798602252	249149	38850	41344	37371	36107	95476
1600798602586	389275	91461	92083	83889	93470	28371
1600798602918	322424	70183	65635	62987	63954	59662
1600798603271	312685	62036	68082	62218	62923	57424
1600798603594	265433	55318	54594	49520	12000	94000
1600798603923	307741	63398	66559	59738	103194	14851
1600798604277	347977	69011	74516	65259	70813	68375
1600798604627	320745	67528	64234	62848	63394	62740
1600798604920	323549	67600	67385	59945	67017	61600
1600798605260	288961	61702	61064	54852	58717	52623
1600798605596	237913	46068	50178	46398	48755	46511
1600798605918	254990	49298	50950	48378	47372	58990
1600798606252	288547	65212	63691	53967	60703	44973
1600798606589	306919	57795	65643	60789	63477	59213
1600798606919	319930	67318	67936	60578	61739	62357
1600798607281	328107	48013	71511	68820	73392	66370
1600798607629	373617	96390	75594	64454	71655	65522
1600798607918	282937	59456	59799	54148	55107	54425
1600798608252	455709	94173	97838	87266	92308	84122
1600798608601	308352	64031	60945	57767	63355	62252
1600798608932	258555	54776	54344	50063	50640	48731
1600798609270	138535	29245	30982	26846	25511	25949
1600798609585	354869	73136	73358	67431	71022	69920
1600798609921	388738	76035	84157	73821	80416	74306
1600798610253	320990	67509	67698	62243	64542	58996
1600798610590	319255	66578	67513	60510	64786	59866
1600798610923	268303	55237	55411	50762	56192	50699
1600798611273	301020	61034	65874	57834	59957	56320
1600798611595	327329	66093	65313	56854	70596	68472
1600798611924	346762	72610	71474	72437	66267	63972
1600798612262	300624	61923	66994	58810	59319	53576
1600798612628	263051	53661	54464	49500	52658	52767
1600798612918	321548	68389	66927	58820	67127	60282
1600798613252	271026	54182	55089	54101	53553	54098
1600798613611	333852	72044	69158	65075	65596	61977
1600798613918	324941	60260	66885	61081	68944	67768
1600798614259	336296	71266	73322	64404	67677	59624
1600798614600	361120	77114	76956	70363	68756	67929
1600798614918	298399	60314	60849	58279	62761	56194
1600798615252	325925	67637	66943	59461	66673	65209
1600798615585	301258	63687	65333	59162	58297	54777
1600798615918	214003	43408	46033	40147	44309	40105
1600798616261	147606	28734	30962	28061	29370	30478
1600798616585	505722	105694	105506	98157	98151	98212
1600798616932	326786	66585	69677	62040	68769	59714
1600798617274	309391	63763	65602	58239	63564	58222
1600798617591	338416	68422	70810	63514	67817	67851
1600798617919	301966	62481	64365	58881	56304	59932
1600798618252	338237	68360	74576	66801	68582	59915
1600798618595	314069	62749	65177	59723	66571	59848
1600798618918	324572	73848	65897	61331	64309	59185
1600798619258	314517	60682	65029	60017	65635	63152
1600798619592	322973	65799	70143	59544	64886	62598
1600798619976	335479	72156	68216	65497	66075	63533
1600798620256	322535	65228	73407	62889	64957	56053
1600798620585	315887	63352	62185	62069	64717	63562
1600798620975	352669	71915	70917	67287	70302	72246
1600798621261	339321	68465	72912	57139	78461	62342
1600798621589	332798	71335	70448	68585	61804	60625
1600798621924	293573	62435	63053	57388	57268	53426
1600798622252	285771	58070	57753	57179	56820	55948
1600798622606	279867	59624	59711	50951	56881	52697
1600798622936	172227	34948	38042	32812	32463	33960
1600798623269	65519	14222	14276	12480	13006	11534
1600798623588	359952	74808	74520	64429	70905	75288
1600798623918	430078	89363	92363	74657	92942	80751
1600798624252	421724	81808	87808	90688	83227	78191
1600798624609	393523	83795	80394	78128	78198	73005
1600798624932	359260	67117	76294	66027	76191	73628
1600798625262	341969	74909	76196	66163	66309	58390
1600798625586	347567	74790	69194	64660	70206	68716
1600798625948	397651	80654	83218	79549	72209	82019
1600798626254	361660	72869	75290	65826	84689	62983
1600798626591	330038	67032	75044	64249	64937	58774
1600798626942	343609	73065	67481	64219	66937	71905
1600798627252	358625	68700	75370	71158	76596	66800
1600798627591	315132	69203	69890	59126	61203	55707
1600798627957	369959	77377	76336	72207	74743	69295
1600798628255	319268	65949	66600	62483	63912	60322
1600798628585	359030	71900	72606	67609	75439	71475
1600798628923	334784	66363	75210	62366	66440	64402
1600798629254	314009	67969	64259	61335	61873	58570
1600798629585	322734	63725	70202	60501	63592	64712
1600798629922	363967	78590	73513	67902	74100	69860
1600798630279	358831	74260	74812	70904	74658	64196
1600798630601	341813	69409	72388	67080	66714	66220
1600798630940	335005	68628	70067	61206	71634	63469
1600798631252	359221	74717	76647	71532	70310	66012
1600798631590	249639	53186	51014	47955	48985	48497
1600798631925	249985	50074	55155	44435	48358	51961
1600798632266	141917	29134	31357	27938	28249	25237
1600798632612	443476	90569	90338	82809	90806	88953
1600798632922	372777	77458	80248	72251	75551	67267
1600798633295	369697	76131	75831	72557	75407	69769
1600798633601	333003	69725	71879	64166	62055	65176
1600798633941	374394	69582	82364	74464	79908	68073
1600798634253	318525	69923	65137	58721	62535	62208
1600798634600	306282	65553	61368	58400	61639	59319
1600798634927	329330	67697	72785	66957	60788	61100
1600798635252	328301	66670	70273	59344	70907	61104
1600798635595	296836	64332	60026	56749	60137	55591
1600798635945	360000	71905	75777	68177	72951	71188
1600798636252	331843	66472	69990	61315	69306	64758
1600798636596	306174	65828	67156	61351	58811	53026
1600798636918	334472	69742	68254	63366	67192	65916
1600798637261	296720	58895	63008	56317	61609	56889
1600798637592	294972	63589	61719	56036	56465	57163
1600798637927	330865	70008	65877	63492	69925	61561
1600798638253	374726	71935	80312	74300	76865	71312
1600798638590	313504	67053	66272	58148	62385	59643
1600798638922	246725	49927	51852	46521	49626	48798
1600798639279	331507	69809	71481	61927	63523	64764
1600798639599	367796	73656	73206	74125	75159	71650
1600798639918	309927	68047	74595	52448	56805	58031
1600798640263	371263	70397	71942	75855	82597	70472
1600798640590	363250	78070	76073	71440	72348	65318
1600798640987	294113	60876	61690	55609	57921	58015
1600798641270	185734	37265	39770	30151	42865	35681
1600798641604	344841	70649	71254	67949	67431	67556
1600798641919	307317	64142	66444	61155	59984	55590
1600798642275	297511	61123	62575	50969	63165	59676
1600798642592	336555	70261	70037	68899	64324	63031
1600798642926	289862	60874	60745	54221	60236	53784
1600798643254	311963	62088	67807	58469	63393	60204
1600798643615	293027	60983	60969	58301	57382	55390
1600798643928	311664	66683	64194	58268	64051	58466
1600798644255	307400	61571	63755	62452	59204	60415
1600798644586	349160	71939	71858	68990	70250	66120
1600798644936	361157	71654	78505	68894	76205	65897
1600798645278	311801	66880	66160	55725	59453	63581
1600798645586	395285	79551	84373	78000	80701	72659
1600798645929	284119	61335	60250	54717	55142	52673
1600798646257	194131	39185	39103	35780	41371	38689
1600798646612	360695	75242	72729	71633	71230	69859
1600798646920	348051	70750	71873	65116	73360	66951
1600798647259	337330	71241	71985	62032	67280	64790
1600798647607	330767	67675	70666	65560	65586	61278
1600798647938	321510	61006	66888	60377	65036	68202
1600798648279	345665	74788	73055	65656	67527	64636
1600798648587	373353	75454	80655	72262	78779	66201
1600798648949	311660	67317	63500	62176	59629	59035
1600798649256	340035	67765	74794	63547	72263	61664
1600798649601	305797	62881	67011	55257	57678	62968
1600798649919	336330	73141	67314	68333	69301	58238
1600798650252	303489	61894	63081	60312	60120	58081
1600798650609	297392	60946	64114	53257	62492	56579
1600798650937	292475	58088	60829	59286	57298	56972
1600798651271	314610	65559	66479	59125	63446	60000
1600798651585	312802	62675	64429	57270	66000	62426
1600798651927	331847	68418	69701	64292	68166	61269
1600798652252	356009	72781	70523	70240	74104	68360
1600798652585	391849	81111	84636	72789	75018	78294
1600798652941	363533	69418	74500	73143	77182	69289
1600798653265	192314	49604	44401	33132	30395	34780
1600798653598	318639	65069	64963	61249	66825	60531
1600798653924	366180	76404	77552	67720	72058	72444
1600798654264	303397	65261	65814	59323	59664	53332
1600798654606	321353	61602	69576	62160	66549	61464
1600798654918	328615	69009	70304	62724	65663	60913
1600798655256	356041	72727	71724	67917	72784	70887
1600798655585	324623	65319	68759	60221	69401	60920
1600798655918	379465	80471	79975	75009	72315	71693
1600798656252	335751	64748	72239	64458	70302	64002
1600798656638	304168	66251	60878	60069	59020	57948
1600798656937	302056	62454	64187	55093	61826	58494
1600798657263	280325	57024	62420	52957	54828	53095
1600798657599	303877	58288	62848	58872	61788	62080
1600798657929	318809	69130	65636	59196	67657	57187
1600798658252	312594	63365	61882	58365	61479	67501
1600798658613	331274	68770	73088	68155	66792	54468
1600798658918	309986	65852	66318	58593	61678	57544
1600798659260	337511	69011	67342	62271	71152	67733
1600798659590	315963	65869	70275	60433	62466	56918
1600798660045	227200	48980	46580	44292	43204	44142
1600798660256	73744	14369	14383	14582	13672	16734
1600798660602	229205	46080	46997	41526	49037	45563
1600798660919	407993	82895	85728	79596	81167	78605
1600798661263	325514	63328	69180	63601	66104	63299
1600798661602	356106	75353	79191	66123	69306	66129
1600798661918	318835	66569	63243	61357	67215	60449
1600798662252	369907	78868	79089	71050	75254	65643
1600798662605	348011	68968	73084	68617	69620	67719
1600798662922	282867	61747	59542	55050	56182	50343
1600798663252	353506	70512	75227	65548	70233	71984
1600798663607	332312	68718	70298	64932	66938	61425
1600798663924	309482	63066	62293	59517	62091	62514
1600798664252	351835	71801	76298	64082	73131	66521
1600798664586	356071	74988	73838	66128	73640	67476
1600798664918	299183	62159	65198	58207	58186	55430
1600798665252	312691	62257	63793	63185	62712	60742
1600798665611	327493	69601	68370	61211	64974	63334
1600798665928	285608	57034	60504	54681	58287	55100
1600798666260	315978	67469	67912	55250	65141	60204
1600798666585	352975	74156	75298	73867	67600	62052
1600798666926	351994	74067	71073	64976	75222	66653
1600798667252	311144	63233	66542	61990	60088	59288
1600798667588	263297	49681	52455	52077	53258	55824
1600798667937	240971	56931	56885	38624	33269	55260
1600798668253	357259	69028	70056	73705	85943	58525
1600798668597	350369	68662	74226	68104	74104	65270
1600798668936	383463	81067	76165	72772	76926	76530
1600798669253	325741	64700	70694	61249	67170	61927
1600798669588	338020	60579	74202	69340	71534	62364
1600798669919	337229	82323	69435	62265	59906	63299
1600798670259	364764	75764	75247	70005	74217	69529
1600798670589	355190	73945	73172	67812	72636	67624
1600798670919	300430	59954	66342	58215	55827	60090
1600798671252	339231	66249	71285	65177	75873	60645
1600798671585	291249	63294	61873	53129	53834	59117
1600798671936	336720	68230	69427	64678	70299	64085
1600798672293	300882	64672	61005	57885	61039	56280
1600798672585	314486	63746	64928	61527	64633	59650
1600798672925	327752	71376	70973	58552	65538	61311
1600798673258	353240	67843	75492	67072	69798	73033
1600798673588	297954	64884	65245	56124	62172	49527
1600798673933	329965	67202	66886	69304	65008	61562
1600798674267	349736	70796	73529	65871	72044	67494
1600798674585	310386	64069	65572	58525	64698	57522
1600798674918	207762	44693	41996	40963	35270	44837
1600798675267	315787	65965	66406	60914	63773	58727
1600798675585	366452	63559	81084	68761	76544	76503
1600798675942	302843	72033	60798	57266	58521	54224
1600798676252	355054	69819	73058	70816	72693	68667
1600798676597	325504	67081	72333	60515	65327	60246
1600798676932	314083	66453	65692	62426	63471	56038
1600798677279	290305	57887	60902	54631	58757	58126
1600798677598	259686	54169	52391	49667	53034	50423
1600798677925	331987	67712	72311	65351	66226	60385
1600798678258	254912	55198	51516	46261	53150	48786
1600798678585	318146	65021	68192	58737	63914	62281
1600798678919	358580	70895	78350	70733	70488	68113
1600798679270	311820	66863	62663	60344	64159	57789
1600798679601	344268	70580	75839	63311	69613	64924
1600798679937	348303	70303	73544	67642	70892	65919
1600798680293	332160	67997	66744	62039	67896	67483
1600798680614	325679	68610	69691	63735	66003	57638
1600798680937	331743	67006	70198	60120	66300	68117
1600798681264	282385	61122	55452	57128	55376	53305
1600798681587	166009	31842	37820	32755	32297	31294
1600798681929	359883	74207	73055	67687	72573	72359
1600798682261	353454	75849	79346	66629	71855	59774
1600798682585	379938	71679	79685	74385	76496	77691
1600798682929	364462	74127	73136	72441	76415	68340
1600798683270	327785	68102	73354	62217	64938	59173
1600798683585	343968	69733	74409	63263	67358	69203
1600798683918	357126	72459	75450	68708	74174	66333
1600798684271	296161	63807	61045	54322	60286	56699
1600798684609	345828	67295	76828	67390	71668	62644
1600798684942	328717	65441	68528	63693	68006	63048
1600798685252	335983	73261	69829	63819	67335	61738
1600798685585	297144	55939	62411	58042	58336	62414
1600798685918	306330	65930	65717	57003	58984	58693
1600798686272	303666	58483	62700	56607	63081	62793
1600798686601	253373	58370	54835	45565	53227	41373
1600798686928	279284	52773	60177	60645	54269	51418
1600798687264	279258	57047	57095	54169	57589	53357
1600798687589	219507	44649	45858	39120	47403	42476
1600798687919	260784	56481	56363	51009	50642	46287
1600798688253	292988	59730	60664	57595	57092	57904
1600798688594	224343	45296	46580	41158	46161	45146
1600798688918	255324	52404	53537	51382	50265	47734
1600798689256	273340	55754	58136	51056	55878	52514
1600798689585	256665	49325	55647	49717	52644	49331
1600798689933	237879	49235	46166	46497	49120	46859
1600798690255	226850	54142	47618	41366	43055	40667
1600798690585	261630	50742	59275	50190	52784	48636
1600798690919	244976	49056	48419	47311	47368	52820
1600798691308	268293	57781	58002	51624	54976	45907
1600798691655	235097	46002	45351	43634	51547	48561
1600798691921	249812	52691	57015	48849	49928	41327
1600798692252	254253	51009	52229	51507	49259	50247
1600798692617	252202	53794	54484	45435	49558	48928
1600798692923	240490	49977	51088	46683	49006	43735
1600798693283	254691	52466	52897	48727	51944	48655
1600798693614	249519	49688	51815	47700	49990	50323
1600798693918	257463	53319	56434	48052	52016	47641
1600798694258	210235	44208	44614	41126	40914	39370
1600798694585	166599	34039	33177	31379	34990	33012
1600798694925	267761	52808	57844	50394	54402	52311
1600798695267	249578	50921	51707	47909	50994	48046
1600798695599	261810	55316	55304	50352	51367	49469
1600798695918	259047	51887	54307	52178	52893	47780
1600798696263	305826	64414	65063	57947	60782	57617
1600798696605	272994	59070	56093	52114	53219	52497
1600798696920	237834	50606	50704	44552	48152	43819
1600798697288	257385	48497	53942	50347	54502	50095
1600798697587	228434	49127	50294	41010	42290	45712
1600798697945	269955	54726	54835	53692	56622	50078
1600798698280	241710	51095	51280	46008	48758	44567
1600798698585	246304	50429	53049	46475	49177	47173
1600798698925	240626	47844	49482	46085	50161	47052
1600798699252	287455	57085	53929	50290	64574	61574
1600798699634	240164	52486	56329	50856	39942	40549
1600798699951	240738	50214	50536	45031	50195	44760
1600798700258	245351	49654	53514	48358	46114	47710
1600798700586	244423	52198	51304	45408	52344	43167
1600798700943	268714	55428	54386	51131	53694	54072
1600798701252	247715	50491	52721	48443	50456	45601
1600798701585	232426	49306	48927	43612	47300	43279
1600798701918	275297	55072	59624	53765	55813	51021
1600798702258	233911	48361	50285	42632	41888	50744
1600798702588	251796	50442	49621	49478	56209	46045
1600798702972	250716	51309	51757	46270	52190	49187
1600798703254	235528	47656	49851	47336	46319	44365
1600798703644	247674	53658	53587	46774	50241	43412
1600798703921	263519	54754	54642	50241	53014	50866
1600798704268	229985	42755	47270	44484	45360	50115
1600798704592	264163	56682	57237	49311	53484	47447
1600798704925	276165	57846	57120	54513	55528	51156
1600798705255	235290	49890	50493	41969	48736	44200
1600798705591	244360	48059	50842	48535	48860	48062
1600798705946	242481	49098	49242	46788	49343	48008
1600798706262	268050	58395	60104	49443	51791	48316
1600798706585	260947	53030	53842	51371	53191	49510
1600798706932	225380	46625	48809	44337	44804	40804
1600798707253	244489	48180	49183	47750	49785	49588
1600798707591	254999	52056	54076	47375	51991	49500
1600798707919	252902	54429	53042	48417	51865	45146
1600798708298	262968	53237	53746	52216	51875	51891
1600798708599	249784	48142	56458	46976	51438	46767
1600798708918	287454	63789	58899	55194	56435	53134
1600798709252	203982	44580	41691	39562	39293	38853
1600798709597	260826	49284	57484	48255	54620	51182
1600798709919	238972	50295	48130	45167	48298	47080
1600798710259	234829	50564	50385	40470	48744	44664
1600798710587	274640	54524	58033	57731	51564	52786
1600798710918	239676	47416	50283	45413	51314	45247
1600798711252	239754	49691	51868	45224	47859	45110
1600798711596	252026	54930	50587	48956	50363	47188
1600798711937	279862	57715	57519	54507	57143	52976
1600798712254	244804	47022	49413	46375	51160	50832
1600798712593	227194	48587	50050	44056	43699	40802
1600798712944	253521	52923	55532	48512	50595	45957
1600798713252	246425	45662	51964	48301	52775	47720
1600798713591	257256	55418	51165	48702	52221	49749
1600798713964	240788	49828	51085	46080	46327	47466
1600798714252	270232	52322	59774	53170	57041	47923
1600798714633	235359	52582	49034	41737	45598	46406
1600798714927	251744	48003	51918	51204	50799	49819
1600798715254	254801	55706	53724	48455	52996	43917
1600798715585	247148	48444	51640	47151	47205	52706
1600798715934	272309	56495	57779	52214	51613	54206
1600798716253	229341	46626	48184	44724	53504	36300
1600798716594	304806	64970	63800	58272	58780	58982
1600798716918	211873	42416	43620	39129	43058	43648
1600798717253	229585	49605	48922	43782	46528	40746
1600798717585	238990	48843	51548	46111	46024	46463
1600798717927	268964	53438	55008	52380	57020	51116
1600798718253	229463	48055	49785	43205	45401	43015
1600798718635	243937	51154	50437	45706	49581	47057
1600798718919	221982	42369	47510	46183	44690	41228
1600798719273	248768	53449	50782	46827	48612	49096
1600798719615	273324	48426	50362	46175	48076	80283
1600798719918	247722	58643	60818	56250	58135	13874
1600798720253	279859	57367	60014	49994	55988	56495
1600798720587	246673	48544	52311	48796	51182	45838
1600798720921	249275	53712	51143	49119	48332	46967
1600798721252	256027	55051	56108	45586	51607	47673
1600798721617	245945	47101	50758	47619	51169	49295
1600798721948	234486	51876	48507	44241	44873	44987
1600798722252	261993	49881	52226	47621	61542	50720
1600798722593	230618	50384	51545	46237	39583	42868
1600798722927	231955	47652	49281	44907	49691	40422
1600798723252	263181	54544	56221	50412	53636	48366
1600798723590	287644	59556	60352	56372	53136	58227
1600798723933	230714	47309	49011	43644	49548	41201
1600798724289	260705	52516	53255	52615	52398	49918
1600798724605	254832	53781	53715	46465	49082	51787
1600798724929	252506	52416	54364	48342	48910	48472
1600798725252	217996	47191	46566	40334	45473	38430
1600798725586	270502	51961	54820	52086	58014	53619
1600798725948	232151	49895	47947	42433	46198	45676
1600798726252	285523	52332	62348	58700	58516	53625
1600798726629	247342	54856	49169	47557	47135	48623
1600798726924	273708	54935	62881	50383	57376	48132
1600798727252	235301	51408	46323	46628	46286	44655
1600798727631	245356	49831	51810	46348	49387	47978
1600798727918	274557	57937	57930	51296	54250	53142
1600798728280	211519	40801	44154	41392	45395	39776
1600798728597	267981	57996	56369	51176	52561	49876
1600798728974	248694	53289	51673	48405	48374	46952
1600798729253	251129	47483	56064	49297	51412	46870
1600798729610	238490	47700	48285	44717	49745	48042
1600798729918	258545	54454	53733	50487	52532	47337
1600798730252	235380	49913	51455	43287	45919	44805
1600798730585	233174	48516	47678	44807	48030	44141
1600798730918	261243	51864	56618	51216	49942	51600
1600798731260	261576	55742	51312	48906	54461	51152
1600798731596	268127	55946	60279	49020	54193	48687
1600798731919	231941	43789	50170	45247	47873	44860
1600798732252	260567	54171	50981	52264	54141	49009
1600798732607	260509	53991	56633	48304	50642	50938
1600798732918	239434	47186	49488	45549	49578	47630
1600798733271	244201	52937	50903	46430	48609	45320
1600798733591	229609	46296	47203	42543	48081	45484
1600798733920	276355	57644	59455	54173	53082	52000
1600798734253	256993	52570	55462	50315	54411	44234
1600798734585	226641	49243	45834	41114	42759	47689
1600798734942	260252	50862	57022	51089	53831	47445
1600798735255	263562	56191	54945	51108	52421	48894
1600798735585	237742	50648	49875	45333	47415	44469
1600798735918	241588	46942	49153	45330	46921	53240
1600798736252	263188	55817	56335	52422	55577	43035
1600798736586	242820	47149	52161	47449	48901	47158
1600798736918	225719	47560	47355	41418	46126	43259
1600798737255	250765	51091	51376	49198	50353	48744
1600798737641	249018	50727	52652	47608	49904	48124
1600798737919	280733	59499	59003	52402	58708	51118
1600798738261	235605	48105	48172	45877	46228	47222
1600798738607	260164	52794	59277	50040	51447	46604
1600798738918	239443	51707	48035	45241	48163	46295
1600798739265	260239	51461	53446	49682	53135	52512
1600798739588	263953	53269	56393	50139	52705	51445
1600798739923	255522	55835	55301	49910	49904	44570
1600798740253	231503	48957	47800	42518	47069	45157
1600798740585	221150	40325	45472	40734	50584	44033
1600798740951	295396	64653	62587	59535	55704	52915
1600798741261	233822	46819	51932	41861	48196	45012
1600798741607	251846	49413	49765	50283	51205	51179
1600798741941	273664	59470	59185	53023	52790	49194
1600798742254	207166	41469	43581	38990	42530	40594
1600798742607	230892	52152	48172	46308	33337	50920
1600798742923	287996	50753	55420	44335	69882	67604
1600798743255	248882	55876	58189	53644	53078	28093
1600798743597	250991	54535	48751	49570	49859	48274
1600798743924	250400	49896	54837	46691	50629	48345
1600798744252	255259	49417	56057	52051	50792	46939
1600798744590	265769	55260	56384	49038	51065	54020
1600798744918	218972	45582	44121	41237	48673	39356
1600798745276	252784	53382	52837	45083	49421	52058
1600798745588	256580	48958	50554	53605	55580	47881
1600798745927	249643	56097	55684	44702	48589	44569
1600798746252	238796	50240	51661	46030	44332	46532
1600798746591	256088	48510	51808	50769	54356	50643
1600798746920	254662	53957	54884	47696	51398	46726
1600798747294	236171	48513	49633	47687	46235	44101
1600798747589	261064	54125	54200	48827	54494	49416
1600798747934	251779	52144	51930	49211	50168	48324
1600798748277	284947	54072	59991	55145	59900	55836
1600798748585	196194	44366	41321	33801	36327	40376
1600798748918	236603	48915	50645	46045	47108	43888
1600798749252	229362	46245	51104	42673	45967	43371
1600798749623	263431	54110	54986	51479	52727	50126
1600798749928	265190	59583	55144	50003	54449	46009
1600798750254	267429	47711	57782	50582	54803	56549
1600798750585	262776	57827	54154	52900	52960	44933
1600798750928	237387	49533	48102	42603	49096	48052
1600798751254	247392	51168	50822	49957	47576	47868
1600798751585	261607	52413	55933	50942	54075	48241
1600798751923	239245	50106	50715	44186	48482	45754
1600798752255	227984	48777	46722	44930	45355	42198
1600798752588	252894	50141	54210	46492	49489	52561
1600798752927	276100	57846	59817	53221	56923	48292
1600798753261	229970	46799	48275	43562	45685	45646
1600798753589	279295	56853	55356	51548	60378	55158
1600798753924	242925	51555	53382	49719	45988	42280
1600798754252	271411	54256	58609	50801	55280	52463
1600798754587	206841	43029	40946	39931	42802	40131
1600798754918	257247	54250	53607	50081	48776	50531
1600798755252	283008	57185	62104	55293	58356	50068
1600798755585	212591	43504	42927	39849	42840	43468
1600798755918	272645	57777	58891	53105	53828	49042
1600798756259	246055	49950	51891	42947	51530	49736
1600798756621	255732	52480	50966	50549	53232	48502
1600798756940	223322	46811	50661	44194	40880	40774
1600798757252	256214	50525	52368	47330	52708	53282
1600798757629	236145	49854	50541	48307	46562	40880
1600798757927	231963	51355	48090	40718	47469	44328
1600798758280	286237	55827	59900	54912	58045	57552
1600798758593	240750	50476	50894	46166	47827	45386
1600798758986	258351	50768	55641	51198	53671	47071
1600798759252	217255	51774	46402	38233	40996	39849
1600798759587	258408	48743	49343	51979	55262	53080
1600798759920	280192	59141	65180	49873	56627	49369
1600798760256	234276	47607	43550	48315	45910	48892
1600798760616	283233	54244	60016	54638	59813	54519
1600798760918	227228	52609	50182	41387	42850	40198
1600798761253	227462	48122	48032	43665	44146	43495
1600798761587	274128	54805	56239	53140	56350	53592
1600798761919	250984	52048	52996	48743	50376	46819
1600798762262	241778	50827	51594	46469	48574	44311
1600798762585	273736	55718	58656	52442	54538	52380
1600798762919	205583	41916	41802	37622	42107	42134
1600798763252	256042	49471	57720	48810	51825	48213
1600798763585	246900	52537	50207	48981	50126	45048
1600798763921	247247	52482	50928	46172	48767	48895
1600798764252	253537	54199	51954	48501	52413	46468
1600798764585	260108	49690	54375	50264	51351	54426
1600798764918	235627	52756	48069	45696	47558	41546
1600798765257	278837	53581	60241	52870	58731	53412
1600798765611	205019	40805	44234	40531	38350	41098
1600798765918	220918	48485	48934	43022	43677	36798
1600798766298	271515	56768	55247	49805	56065	53628
1600798766587	230733	46633	49525	43387	44775	46411
1600798766920	257240	52129	55249	49600	52390	47870
1600798767253	248711	49231	50594	50492	53870	44522
1600798767602	269896	57249	58186	48719	51260	54481
1600798767922	291056	54509	61203	58715	60287	56340
1600798768253	236743	53021	45359	44870	49601	43891
1600798768605	255863	54875	58252	47752	49034	45948
1600798768933	243780	51189	49762	46655	48777	47396
1600798769253	282753	52796	55475	54815	60921	58743
1600798769589	184044	40952	42464	33404	35211	32011
1600798769918	248006	52188	51711	47677	49313	47115
1600798770252	252820	53332	50368	49215	50577	49326
1600798770585	291573	57300	62162	53690	60591	57828
1600798770921	251636	52455	55500	49514	48648	45517
1600798771257	255053	48485	50324	51785	52943	51514
1600798771607	246514	54320	54714	45342	48551	43585
1600798771928	246333	52906	52813	44383	49772	46457
1600798772252	263268	50512	53333	55512	52132	51777
1600798772585	207486	45144	45327	37297	41273	38444
1600798772930	259002	54040	55156	48286	53501	48017
1600798773252	257298	54944	53540	49993	51440	47378
1600798773587	251567	49692	53444	48059	49662	50707
1600798773972	259254	53345	50950	48867	55511	50579
1600798774267	251091	51366	57718	47861	48227	45918
1600798774585	235069	46616	49364	47493	47666	43927
1600798774918	275282	56075	56936	52696	53609	55963
1600798775253	223116	49510	45432	43435	45444	39292
1600798775587	273410	54092	56206	49631	58239	55239
1600798775918	230175	50972	51543	43712	43969	39975
1600798776291	267375	49873	57201	54914	53211	52174
1600798776603	231067	54330	48487	40429	45282	42538
1600798776918	246317	48400	50206	48174	51276	48260
1600798777257	211020	42126	42905	40976	43784	41227
1600798777601	299174	60805	64578	58549	56311	58930
1600798777918	242552	51000	53501	45539	50075	42435
1600798778254	246877	48062	50199	44880	51898	51836
1600798778589	236958	51895	50907	44997	46937	42220
1600798778918	264413	53778	57066	51379	49504	52683
1600798779252	252583	54895	51880	48206	54652	42949
1600798779585	261684	50165	55138	50039	54378	51963
1600798779936	242823	52276	50943	46834	48584	44185
1600798780277	224985	48565	45143	43639	43923	43712
1600798780585	278840	56980	61146	52899	56474	51340
1600798780922	234875	44839	49925	44139	47507	48462
1600798781265	261241	57262	54708	50355	51148	47766
1600798781595	242269	49393	47293	48933	51303	45345
1600798781922	263975	52856	56223	49119	52614	53162
1600798782253	244359	49205	53036	47126	51280	43709
1600798782586	263036	56114	56768	49303	51240	49609
1600798782922	220848	44434	44273	42636	44848	44654
1600798783252	221590	45518	49742	41045	44278	41006
1600798783601	222203	45504	43954	45959	43535	43249
1600798783918	258965	47082	54529	44413	49747	63192
1600798784253	246444	60901	53835	48964	52489	30253
1600798784585	261472	50975	56680	48834	53500	51481
1600798784918	285147	55744	57231	55336	57348	59486
1600798785252	254535	55116	51871	50763	51541	45242
1600798785591	259557	52911	55625	47256	54935	48828
1600798785921	273660	58206	59027	50206	53751	52469
1600798786252	246000	46978	46996	52305	49410	50308
1600798786585	222753	48411	52402	40648	42243	39048
1600798786988	266354	54831	53846	50982	54449	52245
1600798787265	255209	51631	52346	49126	54963	47140
1600798787585	238790	49265	49715	47081	46984	45743
1600798787929	242337	49604	52366	43755	49075	47534
1600798788269	265023	56238	54129	53426	52191	49038
1600798788601	244081	49948	51786	46481	50030	45834
1600798788918	266145	52864	58599	51227	52488	50965
1600798789253	227047	45701	49546	41761	47014	43023
1600798789606	232699	49283	46594	46512	44977	45331
1600798789920	100394	22439	20964	18114	21493	17382
1600798790252	45	24	12	9	0	0
1600798790586	0	0	0	0	0	0
1600798790918	0	0	0	0	0	0
1600798791256	0	0	0	0	0	0
1600798791585	0	0	0	0	0	0
1600798791918	0	0	0	0	0	0
1600798792253	0	0	0	0	0	0
1600798792592	0	0	0	0	0	0
1600798792918	0	0	0	0	0	0
1600798793257	0	0	0	0	0	0
1600798793620	0	0	0	0	0	0
1600798793924	0	0	0	0	0	0
1600798794258	0	0	0	0	0	0
1600798794585	0	0	0	0	0	0
1600798794948	0	0	0	0	0	0
1600798795256	0	0	0	0	0	0
1600798795599	0	0	0	0	0	0
1600798795921	0	0	0	0	0	0
1600798796253	0	0	0	0	0	0
1600798796585	0	0	0	0	0	0
1600798796918	0	0	0	0	0	0
1600798797252	0	0	0	0	0	0
1600798797585	0	0	0	0	0	0
1600798797918	0	0	0	0	0	0
1600798798252	0	0	0	0	0	0
1600798798585	0	0	0	0	0	0
1600798798918	0	0	0	0	0	0
1600798799252	0	0	0	0	0	0
1600798799585	0	0	0	0	0	0
1600798799918	0	0	0	0	0	0
