INPUT-0	OUTPUT-0	VISIBLE-0	LATENCY-0	INPUT-1	OUTPUT-1	VISIBLE-1	LATENCY-1	INPUT-2	OUTPUT-2	VISIBLE-2	LATENCY-2	INPUT-3	OUTPUT-3	VISIBLE-3	LATENCY-3	INPUT-4	OUTPUT-4	VISIBLE-4	LATENCY-4
1605554888155	1605554890453	0	2298	1605554878934	1605554880511	0	1577	1605554878861	1605554879601	0	740	1605554878285	1605554879637	0	1352	1605554883742	1605554884590	0	848
1605554894436	1605554896457	0	2021	1605554885273	1605554886495	0	1222	1605554881447	1605554882561	0	1114	1605554881273	1605554882600	0	1327	1605554886224	1605554887695	0	1471
1605554899570	1605554901426	0	1856	1605554889551	1605554891477	0	1926	1605554883433	1605554884513	0	1080	1605554881342	1605554881612	0	270	1605554888438	1605554888644	0	206
1605554905589	1605554906461	0	872	1605554891637	1605554892480	0	843	1605554885471	1605554887600	0	2129	1605554888995	1605554890549	0	1554	1605554888745	1605554889647	0	902
1605554906669	1605554907480	0	811	1605554892955	1605554893529	0	574	1605554888734	1605554890506	0	1772	1605554890064	1605554891548	0	1484	1605554889134	1605554890550	0	1416
1605554908261	1605554909471	0	1210	1605554895791	1605554896462	0	671	1605554891629	1605554892530	0	901	1605554894513	1605554895554	0	1041	1605554892187	1605554893653	0	1466
1605554909931	1605554911466	0	1535	1605554901437	1605554902548	0	1111	1605554893962	1605554895536	0	1574	1605554901305	1605554902627	0	1322	1605554893176	1605554895555	0	2379
1605554916134	1605554916438	0	304	1605554905900	1605554907511	0	1611	1605554902718	1605554903550	0	832	1605554903565	1605554905581	0	2016	1605554898232	1605554898639	0	407
1605554917261	1605554918412	0	1151	1605554914557	1605554915529	0	972	1605554904250	1605554905540	0	1290	1605554908571	1605554909602	0	1031	1605554904732	1605554905621	0	889
1605554917993	1605554919438	0	1445	1605554919314	1605554920558	0	1244	1605554906322	1605554907545	0	1223	1605554911927	1605554912569	0	642	1605554906372	1605554907657	0	1285
1605554919892	1605554921446	0	1554	1605554921538	1605554922475	0	937	1605554908839	1605554909566	0	727	1605554913281	1605554914537	0	1256	1605554912154	1605554913704	0	1550
1605554921551	1605554922445	0	894	1605554922496	1605554923488	0	992	1605554913827	1605554914533	0	706	1605554917486	1605554918569	0	1083	1605554913672	1605554914539	0	867
1605554923132	1605554923447	0	315	1605554923833	1605554924579	0	746	1605554919081	1605554931539	0	1245	1605554920132	1605554920584	0	452	1605554917590	1605554918577	0	987
1605554928291	1605554929475	0	1184	1605554925068	1605554926542	0	1474	1605554919736	1605554920576	0	840	1605554920569	1605554921559	0	990	1605554920379	1605554921574	0	1195
1605554931541	1605554932478	0	937	1605554925211	1605554925527	0	316	1605554921021	1605554922490	0	1469	1605554927080	1605554928545	0	1465	1605554925650	1605554926667	0	1017
1605554934178	1605554945423	0	11245	1605554927242	1605554928483	0	1241	1605554922972	1605554924630	0	1658	1605554929837	1605554931574	0	1737	1605554926704	1605554927654	0	950
1605554945761	1605554947453	0	1692	1605554935462	1605554936495	0	1033	1605554923755	1605554925561	0	1806	1605554930747	1605554932590	0	1843	1605554927495	1605554928548	0	1053
1605554947486	1605554948413	0	927	1605554936741	1605554937490	0	749	1605554928089	1605554930588	0	2499	1605554932683	1605554933582	0	899	1605554929856	1605554930659	0	803
1605554951063	1605554952424	0	1361	1605554941014	1605554941488	0	474	1605554928867	1605554929535	0	668	1605554935547	1605554936595	0	1048	1605554930235	1605554931578	0	1343
1605554957084	1605554957434	0	350	1605554941784	1605554942506	0	722	1605554931574	1605554932563	0	989	1605554935649	1605554945521	0	9872	1605554931305	1605554932592	0	1287
1605554966110	1605554966432	0	322	1605554942690	1605554943503	0	813	1605554932479	1605554933576	0	1097	1605554941557	1605554942603	0	1046	1605554933625	1605554934669	0	1044
1605554966457	1605554967442	0	985	1605554945774	1605554947459	0	1685	1605554933630	1605554934567	0	937	1605554942637	1605554943583	0	946	1605554934369	1605554935669	0	1300
1605554967371	1605554968426	0	1055	1605554946042	1605554946509	0	467	1605554936106	1605554945512	0	9406	1605554944036	1605554944589	0	553	1605554935541	1605554937600	0	2059
1605554969274	1605554969472	0	198	1605554948386	1605554949513	0	1127	1605554939939	1605554940565	0	626	1605554947941	1605554949557	0	1616	1605554936857	1605554938664	0	1807
1605554971137	1605554972448	0	1311	1605554949437	1605554950506	0	1069	1605554940363	1605554941518	0	1155	1605554950813	1605554951662	0	849	1605554943661	1605554944613	0	952
1605554974470	1605554976431	0	1961	1605554958065	1605554958548	0	483	1605554943468	1605554944576	0	1108	1605554951984	1605554952532	0	548	1605554945863	1605554946620	0	757
1605554975161	1605554977434	0	2273	1605554963044	1605554963618	0	574	1605554947250	1605554949524	0	2274	1605554960047	1605554961599	0	1552	1605554949772	1605554950597	0	825
1605554978665	1605554979434	0	769	1605554964211	1605554965508	0	1297	1605554947486	1605554948504	0	1018	1605554962924	1605554963706	0	782	1605554955440	1605554956642	0	1202
1605554981641	1605554982446	0	805	1605554965015	1605554966457	0	1442	1605554949334	1605554950521	0	1187	1605554963997	1605554964605	0	608	1605554960135	1605554960707	0	572
1605554986316	1605554986462	0	146	1605554973326	1605554973477	0	151	1605554951373	1605554952525	0	1152	1605554967468	1605554967566	0	98	1605554965035	1605554965631	0	596
1605554992184	1605554993483	0	1299	1605554974247	1605554974471	0	224	1605554956754	1605554957534	0	780	1605554969734	1605554970646	0	912	1605554965457	1605554966566	0	1109
1605554995971	1605554997479	0	1508	1605554976150	1605554977476	0	1326	1605554962234	1605554963658	0	1424	1605554971598	1605554972572	0	974	1605554966272	1605554967609	0	1337
1605554999232	1605555000434	0	1202	1605554978343	1605554979483	0	1140	1605554971278	1605554972523	0	1245	1605554975369	1605554976578	0	1209	1605554968163	1605554969668	0	1505
1605554999999	1605555001423	0	1424	1605554980668	1605554981497	0	829	1605554972684	1605554974478	0	1794	1605554977765	1605554978582	0	817	1605554969491	1605554971665	0	2174
1605555007254	1605555008445	0	1191	1605554982252	1605554982450	0	198	1605554975469	1605554975552	0	83	1605554979917	1605554981597	0	1680	1605554971756	1605554972622	0	866
1605555008750	1605555010445	0	1695	1605554982636	1605554983553	0	917	1605554977636	1605554978544	0	908	1605554982779	1605554983602	0	823	1605554972341	1605554973626	0	1285
1605555011600	1605555012442	0	842	1605554984209	1605554985498	0	1289	1605554978060	1605554979524	0	1464	1605554984610	1605554985574	0	964	1605554974091	1605554974556	0	465
1605555015018	1605555015551	0	533	1605554988685	1605554989500	0	815	1605554979663	1605554980558	0	895	1605554986146	1605554987569	0	1423	1605554980858	1605554981644	0	786
1605555017264	1605555017416	0	152	1605554989063	1605554990515	0	1452	1605554982716	1605554983564	0	848	1605554986199	1605554986561	0	362	1605554981573	1605554982584	0	1011
1605555017266	1605555018518	0	1252	1605554993864	1605554994507	0	643	1605554984717	1605554985556	0	839	1605554993119	1605554993587	0	468	1605554985345	1605554986577	0	1232
1605555019282	1605555020428	0	1146	1605554995344	1605554996525	0	1181	1605554985843	1605554986556	0	713	1605554995752	1605554996609	0	857	1605554986159	1605554987586	0	1427
1605555019819	1605555021468	0	1649	1605554996342	1605554997498	0	1156	1605554990540	1605554991602	0	1062	1605555001186	1605555002532	0	1346	1605554986788	1605554988680	0	1892
1605555021585	1605555022444	0	859	1605554997154	1605554998519	0	1365	1605554992251	1605554993577	0	1326	1605555003036	1605555003630	0	594	1605554990894	1605554991682	0	788
1605555024357	1605555025466	0	1109	1605555001882	1605555002487	0	605	1605554992338	1605554992605	0	267	1605555003080	1605555004632	0	1552	1605554991458	1605554993603	0	2145
1605555026335	1605555027426	0	1091	1605555004270	1605555005510	0	1240	1605554995519	1605554997515	0	1996	1605555005318	1605555005604	0	286	1605554992123	1605554992682	0	559
1605555028050	1605555029447	0	1397	1605555006028	1605555006516	0	488	1605554999338	1605554999529	0	191	1605555005419	1605555006605	0	1186	1605555005363	1605555006633	0	1270
1605555029181	1605555030453	0	1272	1605555010066	1605555011536	0	1470	1605555000167	1605555000502	0	335	1605555011914	1605555012544	0	630	1605555006832	1605555007705	0	873
1605555030950	1605555032450	0	1500	1605555011432	1605555012444	0	1012	1605555001087	1605555002506	0	1419	1605555016154	1605555017522	0	1368	1605555007866	1605555008636	0	770
1605555034517	1605555035454	0	937	1605555015380	1605555017431	0	2051	1605555002559	1605555003626	0	1067	1605555021628	1605555022562	0	934	1605555009738	1605555010610	0	872
1605555037566	1605555038458	0	892	1605555016225	1605555016509	0	284	1605555004054	1605555004628	0	574	1605555024479	1605555024629	0	150	1605555010365	1605555011610	0	1245
1605555038655	1605555039456	0	801	1605555018647	1605555019518	0	871	1605555011462	1605555011539	0	77	1605555027193	1605555027538	0	345	1605555018023	1605555018718	0	695
1605555038904	1605555040456	0	1552	1605555025690	1605555026540	0	850	1605555012293	1605555013607	0	1314	1605555027474	1605555029575	0	2101	1605555021176	1605555021639	0	463
1605555040382	1605555041456	0	1074	1605555029844	1605555031500	0	1656	1605555014990	1605555016550	0	1560	1605555029462	1605555030576	0	1114	1605555023437	1605555023660	0	223
1605555041195	1605555042468	0	1273	1605555033901	1605555034506	0	605	1605555015321	1605555015628	0	307	1605555032268	1605555033581	0	1313	1605555026825	1605555027573	0	748
