TIME	THROUGHPUT	PART-0	PART-1	PART-2	PART-3	PART-4
1605554880124	488	92	94	96	101	102
1605554881112	388	74	77	81	76	76
1605554882115	538	112	107	108	106	102
1605554883110	479	88	94	98	98	99
1605554884116	477	100	98	93	92	92
1605554885113	599	116	116	118	126	122
1605554886154	449	100	95	86	83	83
1605554887220	413	75	80	87	82	87
1605554888110	526	97	110	104	110	104
1605554889122	373	85	70	75	68	74
1605554890110	429	77	86	87	90	88
1605554891155	592	121	122	115	115	116
1605554892181	464	95	91	90	96	90
1605554893111	407	81	74	81	80	89
1605554894115	510	97	103	104	104	100
1605554895213	322	68	65	61	61	64
1605554896180	450	91	94	89	91	84
1605554897160	407	82	82	83	76	81
1605554898121	596	108	112	121	126	126
1605554899148	447	92	96	89	84	84
1605554900112	307	63	57	61	66	59
1605554901110	470	99	98	92	87	94
1605554902110	661	122	128	133	140	138
1605554903110	587	117	115	122	116	117
1605554904181	552	117	114	105	106	108
1605554905110	405	69	75	83	89	87
1605554906110	626	132	133	123	120	118
1605554907115	466	98	91	91	94	90
1605554908111	832	163	162	169	167	168
1605554909146	428	84	85	83	85	90
1605554910110	556	114	106	114	113	107
1605554911121	483	96	99	98	91	95
1605554912117	482	93	97	93	99	99
1605554913144	592	126	124	117	112	110
1605554914119	791	145	154	161	166	164
1605554915121	623	134	123	120	122	121
1605554916121	379	75	79	75	74	76
1605554917164	582	116	116	116	116	116
1605554918111	565	110	109	111	118	115
1605554919146	463	95	95	93	88	89
1605554920141	593	109	116	122	121	123
1605554921126	608	125	122	117	119	121
1605554922173	599	126	117	119	114	122
1605554923119	532	98	102	106	114	110
1605554924127	687	137	138	136	140	132
1605554925133	612	126	128	122	114	121
1605554926111	689	135	134	144	137	137
1605554927140	741	146	146	145	152	149
1605554928127	441	89	87	88	88	89
1605554929111	690	141	142	134	136	136
1605554930125	522	102	102	110	105	101
1605554931110	567	111	111	110	115	117
1605554932114	502	104	104	97	96	99
1605554933110	711	140	138	146	146	139
1605554934110	609	121	124	121	121	122
1605554935121	496	102	96	95	97	102
1605554936112	498	99	98	100	99	98
1605554937141	762	152	158	152	151	147
1605554938166	693	135	135	142	138	141
1605554939116	497	98	98	98	102	98
1605554940110	381	76	76	77	75	75
1605554941110	705	140	139	139	142	145
1605554942236	610	119	119	125	125	119
1605554943110	736	153	153	143	139	147
1605554944112	552	109	110	106	115	109
1605554945132	390	73	80	85	73	77
1605554946127	1221	252	239	238	244	247
1605554947131	899	181	183	183	179	172
1605554948111	589	116	117	114	117	124
1605554949164	641	125	127	132	128	128
1605554950110	606	123	121	117	123	120
1605554951148	643	128	130	129	127	129
1605554952202	670	131	131	136	138	131
1605554953126	576	119	117	113	112	113
1605554954121	414	80	83	82	80	87
1605554955110	434	89	86	86	88	81
1605554956132	477	89	91	97	95	102
1605554957151	517	108	106	101	104	96
1605554958229	494	97	91	96	101	107
1605554959128	427	84	90	90	84	77
1605554960112	541	110	111	107	106	104
1605554961111	667	128	128	133	138	140
1605554962136	555	119	118	112	102	103
1605554963113	669	124	124	131	142	146
1605554964138	390	78	80	84	73	74
1605554965185	621	127	127	122	121	122
1605554966117	447	86	86	86	94	92
1605554967125	415	86	85	86	79	78
1605554968111	608	120	124	118	123	120
1605554969110	745	148	144	150	152	151
1605554970134	591	110	119	119	119	124
1605554971128	624	131	122	120	125	123
1605554972115	578	117	117	119	113	110
1605554973113	801	162	163	156	156	163
1605554974121	593	115	120	122	121	115
1605554975116	653	134	128	127	128	133
1605554976137	294	53	55	59	62	62
1605554977110	695	144	137	139	136	136
1605554978110	804	154	163	161	162	164
1605554979113	515	106	103	105	102	96
1605554980110	819	169	162	161	161	164
1605554981110	570	104	110	117	120	119
1605554982123	906	189	188	177	176	173
1605554983110	438	77	88	93	90	90
1605554984110	535	115	106	98	108	108
1605554985122	729	143	142	156	144	143
1605554986149	614	123	125	117	122	124
1605554987130	666	136	133	131	131	133
1605554988126	578	117	111	115	116	117
1605554989112	535	104	111	106	106	106
1605554990111	556	116	113	114	109	104
1605554991110	267	46	51	52	57	61
1605554992131	737	148	145	148	147	145
1605554993120	371	63	70	71	77	86
1605554994113	742	159	152	151	146	133
1605554995126	702	142	143	136	137	144
1605554996156	507	100	102	101	100	101
1605554997114	625	123	118	127	129	126
1605554998111	590	127	122	115	115	110
1605554999113	447	80	86	93	92	92
1605555000134	279	55	57	51	56	56
1605555001168	839	157	161	166	174	179
1605555002117	777	165	160	159	146	146
1605555003110	757	155	151	154	152	145
1605555004166	451	84	88	91	92	94
1605555005113	606	128	127	117	116	116
1605555006112	731	127	146	151	150	157
1605555007207	719	158	142	136	144	136
1605555008117	605	116	118	127	120	121
1605555009116	795	161	159	157	157	161
1605555010120	562	116	115	111	109	109
1605555011112	522	98	97	102	111	110
1605555012116	713	150	146	144	138	133
1605555013135	625	118	125	125	123	131
1605555014110	539	95	109	112	113	107
1605555015119	421	98	82	81	80	79
1605555016137	701	142	143	142	136	136
1605555017122	583	117	117	111	118	117
1605555018166	569	105	110	115	115	122
1605555019110	626	135	127	122	117	122
1605555020110	524	97	102	111	109	105
1605555021112	717	151	150	137	138	138
1605555022141	906	179	172	181	186	185
1605555023127	796	160	166	157	159	153
1605555024113	520	99	98	106	105	110
1605555025113	587	115	116	117	116	123
1605555026175	577	115	112	118	120	109
1605555027126	521	109	113	97	96	104
1605555028121	501	104	98	100	98	99
1605555029140	551	103	107	112	114	112
1605555030110	573	114	112	113	113	119
1605555031134	732	145	148	143	147	147
1605555032126	705	147	145	145	140	128
1605555033133	633	125	128	127	126	127
1605555034152	626	120	124	125	124	130
1605555035110	460	97	90	88	91	91
1605555036111	627	115	115	127	134	132
1605555037119	616	132	131	121	115	115
1605555038117	632	127	122	128	126	128
1605555039116	627	127	127	128	124	121
1605555040125	463	94	97	91	92	89
1605555041136	638	125	121	126	130	134
1605555042178	650	120	133	128	133	134
1605555043290	646	134	131	130	124	124
1605555044177	534	113	102	110	104	102
1605555045110	872	172	175	174	173	175
1605555046110	793	150	156	157	163	167
1605555047110	599	129	123	120	115	112
1605555048110	892	175	178	180	180	179
1605555049110	777	154	158	152	156	157
