SYSTEM  QUERY  PARALLELISM  DSD  NUM_EVENTS  THROUGHPUT
clonos  1      25           1    100000000   626464.4
clonos  1      25           -1   100000000   645903.0
flink   1      25           1    100000000   684917.4
clonos  2      25           1    100000000   1286372.2
clonos  2      25           -1   100000000   1289241.3
flink   2      25           1    100000000   1236690.1
clonos  3      25           1    100000000   701026.3
clonos  3      25           -1   100000000   704086.5
flink   3      25           1    100000000   731839.4
clonos  4      25           1    10000000    17234.8
clonos  4      25           -1   10000000    16801.1
flink   4      25           1    10000000    17271.1
clonos  5      25           1    10000000    45871.5
clonos  5      25           -1   10000000    42553.2
flink   5      25           1    10000000    54644.8
clonos  6      25           1    10000000    18474.5
clonos  6      25           -1   10000000    17516.3
flink   6      25           1    10000000    18214.9
clonos  7      25           1    10000000    54893.8
clonos  7      25           -1   10000000    47846.8
flink   7      25           1    10000000    64935.0
clonos  8      25           1    100000000   440565.5
clonos  8      25           -1   100000000   442159.0
flink   8      25           1    100000000   477402.2
clonos  9      25           1    10000000    19057.9
clonos  9      25           -1   10000000    18861.3
flink   9      25           1    10000000    19234.1
clonos  11     25           1    10000000    28719.5
clonos  11     25           -1   10000000    29326.1
flink   11     25           1    10000000    28954.0
clonos  12     25           1    10000000    59777.5
clonos  12     25           -1   10000000    58923.0
flink   12     25           1    10000000    62717.6
clonos  13     25           1    10000000    130264.3
clonos  13     25           -1   10000000    137196.8
flink   13     25           1    10000000    143533.8
clonos  14     25           1    10000000    76415.2
clonos  14     25           -1   10000000    74451.3
flink   14     25           1    10000000    76842.1
