TIME	THROUGHPUT	PART-0	PART-1	PART-2	PART-3	PART-4
1600798898578	306178	62565	62029	61238	62110	58235
1600798898943	218019	46649	46805	38627	44367	41569
1600798899268	245430	49381	51803	46061	50523	47661
1600798899578	231051	47038	50903	45264	45558	42287
1600798900040	260545	53443	52006	48718	53504	52872
1600798900249	267052	47751	52645	54449	51971	60234
1600798900581	234189	53858	51316	45762	46614	36638
1600798900917	251812	52404	53479	49244	51627	45056
1600798901261	268575	53546	58127	47607	54561	54732
1600798901580	244169	51094	48021	53583	50714	40755
1600798901918	239813	52118	53857	41544	45390	46902
1600798902244	252076	50018	51993	48598	52923	48542
1600798902583	253548	50247	53952	44725	50097	54525
1600798902909	258024	57027	55966	51441	51273	42315
1600798903243	247017	48248	50320	46155	51955	50338
1600798903577	239362	50622	50305	48434	44458	45541
1600798903946	249119	50720	50666	47390	54523	45818
1600798904257	248463	53749	53019	47868	47980	45845
1600798904598	277791	57173	62346	55859	47058	55354
1600798904913	225780	44028	41323	41231	54926	44269
1600798905242	230610	51458	55234	38015	40677	45224
1600798905577	267602	52707	52041	58047	58886	45919
1600798905915	260417	49781	54754	51292	52680	51908
1600798906246	220640	50359	45990	38589	43918	41782
1600798906576	203578	40475	43006	39239	41118	39739
1600798906911	315895	61758	66856	60128	65146	62005
1600798907245	260823	55814	54685	50395	52907	47020
1600798907576	238897	51422	51250	46069	44758	45395
1600798907909	223996	43492	43975	41969	46495	48063
1600798908245	286863	62071	63235	55315	56851	49389
1600798908576	241528	46250	52643	48821	50655	43157
1600798908910	249850	56335	52736	42508	48991	49278
1600798909270	254444	47511	51972	52300	52438	50222
1600798909602	240734	53153	47969	45418	47768	46424
1600798909918	259708	51724	58284	51534	48202	49962
1600798910242	240895	48614	49104	44564	53496	45114
1600798910576	272206	46233	61344	53035	58185	53407
1600798910949	234857	58184	45632	43450	45900	41689
1600798911246	206956	43101	45111	21579	34835	62329
1600798911588	204052	40318	41672	55707	44210	22143
1600798911946	328122	68396	69000	62960	67053	60712
1600798912253	258273	53009	54543	47859	51840	51019
1600798912586	240441	48858	49687	46279	48939	46675
1600798912914	266268	53042	57231	52158	57097	46737
1600798913248	240706	52044	49305	45392	45356	48607
1600798913613	236200	48542	51868	46112	45906	43769
1600798913941	271448	50524	57466	51573	57783	54100
1600798914254	242348	54175	48466	45421	49728	44555
1600798914578	279589	55777	55064	58950	55712	54083
1600798914910	230798	49331	56813	39388	44111	41153
1600798915265	229185	48907	44954	41385	47374	46563
1600798915588	256925	53925	55034	49767	49845	48352
1600798915916	249920	49423	51521	49600	50899	48475
1600798916246	254360	52139	53387	48642	51966	48224
1600798916582	232017	49324	47547	45327	44758	45059
1600798916909	278339	59051	59168	51920	59599	48599
1600798917273	249637	50887	53722	48576	47752	48697
1600798917600	257602	46709	55152	51954	53357	50428
1600798917909	217080	50970	44106	38737	43271	39993
1600798918243	255706	51850	55056	49167	51290	48341
1600798918589	272161	51997	55095	52661	57797	54609
1600798918921	251825	56219	50346	48325	49572	47361
1600798919244	237439	48532	53984	44386	47693	42842
1600798919581	239649	51970	49646	46020	47548	44462
1600798919926	276701	55194	58800	53411	55608	53686
1600798920244	181720	36830	41503	30418	38433	34534
1600798920583	284890	58188	57890	57625	54085	57100
1600798920909	266843	53444	56831	51849	55067	49650
1600798921270	240551	52038	49011	45506	48534	45459
1600798921581	248093	52064	50852	45437	52318	47421
1600798921909	258109	48844	50814	55710	52844	49896
1600798922248	258224	56941	59412	43967	49336	48566
1600798922579	238226	47873	47075	48712	47700	46864
1600798922909	247015	45984	55339	46842	52496	46351
1600798923267	260237	57349	52902	50117	52837	47030
1600798923579	236692	47365	51775	45730	46224	45596
1600798923921	237307	50611	47634	44652	46485	47923
1600798924265	267543	56901	55223	51732	54398	49287
1600798924611	231682	48346	43205	44497	48147	47485
1600798924916	251304	51000	60462	47855	47472	44514
1600798925244	284457	55957	55399	55182	61551	56365
1600798925576	244587	51870	58533	44572	46716	42894
1600798925922	247179	49072	46855	49815	48803	52632
1600798926249	251636	53932	56504	46449	51357	43391
1600798926576	250311	52993	52474	46327	50896	47620
1600798926947	257601	52266	53935	47369	52622	51407
1600798927260	227150	43670	50568	49830	42511	40568
1600798927576	259443	57082	50604	46537	56927	48291
1600798927916	224720	45091	51373	43320	43147	41788
1600798928242	273576	55217	56211	50745	55521	55880
1600798928581	242442	48952	51876	46156	49300	46156
1600798928910	245635	50246	50778	47395	47510	49705
1600798929243	247690	53597	52195	46801	50738	44357
1600798929576	260498	53462	53186	50876	52996	49975
1600798929931	374242	76678	80870	71278	74966	70447
1600798930276	124118	25214	25507	21942	26852	24602
1600798930577	224149	45774	48252	46136	43581	40405
1600798930911	275017	58062	58431	52910	53179	52434
1600798931247	248574	50532	50342	46886	51404	49407
1600798931576	238869	49954	50334	46136	48838	43604
1600798931910	256769	51371	55365	47248	53000	49784
1600798932269	239139	46013	44247	28972	60281	59623
1600798932576	206133	45120	48957	57749	26543	27762
1600798932934	312567	64589	64815	62770	62463	57927
1600798933250	249028	50620	54037	48560	52196	43613
1600798933583	245153	53951	50810	45951	47762	46675
1600798933934	251401	54931	51851	45635	50566	48415
1600798934270	250622	47154	55839	50419	49529	47678
1600798934584	251684	46519	49025	50471	55070	50598
1600798934909	226944	51938	46436	39193	45966	43409
1600798935244	245110	49226	55695	46017	45597	48573
1600798935576	262975	57162	55364	51066	55189	44192
1600798935915	253008	50076	50858	52176	49584	50312
1600798936242	239189	50336	50709	44639	48504	45000
1600798936576	242488	48029	52329	47610	50434	44083
1600798936909	300570	53675	63327	56807	61396	65363
1600798937250	215093	52513	45718	42041	40832	33988
1600798937576	247806	52567	53638	42245	47947	51407
1600798937911	253576	52707	49361	50283	52671	48552
1600798938248	250270	49100	52869	49887	51391	47020
1600798938582	264808	56586	57341	47281	55853	47745
1600798938909	243996	50960	51963	46302	46513	48256
1600798939307	244050	49907	49090	48359	49869	46824
1600798939601	260044	52561	56846	51649	52074	46911
1600798939934	255207	53876	53291	48702	51309	48027
1600798940245	236385	49591	49456	44199	47257	45881
1600798940576	242495	49072	53462	46634	48232	45093
1600798940932	261162	52547	54168	49376	52205	52865
1600798941242	223883	46161	46445	43900	47041	40335
1600798941590	266566	54908	54744	51451	55229	50232
1600798941911	224862	47473	46311	42096	41112	47869
1600798942244	271501	53633	56909	52366	57021	51570
1600798942609	242528	52098	53780	46846	47438	42364
1600798942963	258240	50895	52299	49005	56412	49627
1600798943254	242257	50075	50742	43419	47209	50810
1600798943578	250691	56234	53731	51182	46638	42904
1600798943909	248450	49123	51350	49906	49779	48290
1600798944248	262176	54427	55353	47684	54823	49887
1600798944586	259724	52408	55068	50514	51420	50313
1600798944912	273042	49889	53374	45322	49113	75343
1600798945244	176412	42427	41135	38756	43343	10750
1600798945603	283094	57610	59632	54373	55866	55612
1600798945924	247105	51149	53934	48133	49919	43968
1600798946254	229509	49603	48524	43796	44351	43233
1600798946576	280472	56440	58745	53527	59462	52295
1600798946909	240339	49249	50048	45573	46171	49297
1600798947268	244713	50885	52376	46729	48083	46637
1600798947628	265769	53605	52844	51508	55147	52663
1600798947916	247482	51177	53767	46767	51305	44465
1600798948242	262941	51524	55260	49549	55969	50638
1600798948581	283672	62176	60321	56014	53825	51333
1600798948925	202154	41654	41235	36322	41095	41845
1600798949254	240732	47604	52635	46705	48890	44896
1600798949578	257354	53086	52296	52941	50512	48518
1600798949961	237765	48130	51605	44096	48339	45592
1600798950251	270455	56372	54389	50982	57558	51151
1600798950606	239929	50980	48994	45276	48735	45943
1600798950916	266232	52874	59245	52567	52077	49467
1600798951245	246559	51927	52802	46577	46419	48832
1600798951576	250685	52389	50552	47993	54749	45000
1600798951909	250555	53894	54576	44696	48225	49162
1600798952262	223668	42597	44524	43059	48011	45475
1600798952585	282470	55659	57247	58142	56547	54873
1600798952911	239874	51527	57420	44159	44128	42638
1600798953242	248425	52432	47664	46661	54299	47368
1600798953585	246895	51877	53166	48752	46988	46110
1600798953912	244015	47238	51125	45357	50816	49477
1600798954271	256855	55069	54064	47972	53532	46217
1600798954578	252094	51798	55710	50768	48087	45729
1600798954914	233351	48419	45291	44830	47092	47717
1600798955273	302013	59437	60774	57409	62306	62086
1600798955578	204419	44695	48590	38537	39301	33295
1600798955909	252471	52293	55114	50138	47513	47410
1600798956260	261042	55256	51834	47772	56612	49566
1600798956580	237031	46515	51156	45356	46940	47062
1600798956911	249033	51543	54652	47833	49232	45770
1600798957243	246024	50638	50945	48626	50897	44915
1600798957576	68876	15753	13363	13366	13333	13060
1600798957913	0	0	0	0	0	0
1600798958242	0	0	0	0	0	0
1600798958596	0	0	0	0	0	0
1600798958931	0	0	0	0	0	0
1600798959242	0	0	0	0	0	0
1600798959607	0	0	0	0	0	0
1600798959917	0	0	0	0	0	0
1600798960244	0	0	0	0	0	0
1600798960576	0	0	0	0	0	0
1600798960930	0	0	0	0	0	0
1600798961242	0	0	0	0	0	0
1600798961578	0	0	0	0	0	0
1600798961917	0	0	0	0	0	0
1600798962242	0	0	0	0	0	0
1600798962576	0	0	0	0	0	0
1600798962909	0	0	0	0	0	0
1600798963259	0	0	0	0	0	0
1600798963628	0	0	0	0	0	0
1600798963909	0	0	0	0	0	0
1600798964253	0	0	0	0	0	0
1600798964576	0	0	0	0	0	0
1600798964918	0	0	0	0	0	0
1600798965247	0	0	0	0	0	0
1600798965576	0	0	0	0	0	0
1600798965922	0	0	0	0	0	0
1600798966250	0	0	0	0	0	0
1600798966584	0	0	0	0	0	0
1600798966914	0	0	0	0	0	0
1600798967242	0	0	0	0	0	0
1600798967577	0	0	0	0	0	0
1600798967917	0	0	0	0	0	0
1600798968266	0	0	0	0	0	0
1600798968576	0	0	0	0	0	0
1600798968917	0	0	0	0	0	0
1600798969250	0	0	0	0	0	0
1600798969589	0	0	0	0	0	0
1600798969909	0	0	0	0	0	0
1600798970243	0	0	0	0	0	0
1600798970582	0	0	0	0	0	0
1600798970909	0	0	0	0	0	0
1600798971246	0	0	0	0	0	0
1600798971583	0	0	0	0	0	0
1600798971922	0	0	0	0	0	0
1600798972242	0	0	0	0	0	0
1600798972585	0	0	0	0	0	0
1600798972909	0	0	0	0	0	0
1600798973263	0	0	0	0	0	0
1600798973582	0	0	0	0	0	0
1600798973910	0	0	0	0	0	0
1600798974253	0	0	0	0	0	0
1600798974580	0	0	0	0	0	0
1600798974909	0	0	0	0	0	0
1600798975295	0	0	0	0	0	0
1600798975580	0	0	0	0	0	0
1600798975912	0	0	0	0	0	0
1600798976255	0	0	0	0	0	0
1600798976576	0	0	0	0	0	0
1600798976918	0	0	0	0	0	0
1600798977244	0	0	0	0	0	0
1600798977576	0	0	0	0	0	0
1600798977932	0	0	0	0	0	0
1600798978242	0	0	0	0	0	0
1600798978588	0	0	0	0	0	0
1600798978913	0	0	0	0	0	0
1600798979251	0	0	0	0	0	0
1600798979579	0	0	0	0	0	0
1600798979909	0	0	0	0	0	0
1600798980268	0	0	0	0	0	0
1600798980576	0	0	0	0	0	0
1600798980909	0	0	0	0	0	0
1600798981296	0	0	0	0	0	0
1600798981576	0	0	0	0	0	0
1600798981921	0	0	0	0	0	0
1600798982242	0	0	0	0	0	0
1600798982576	0	0	0	0	0	0
1600798982909	106681	24297	30669	28279	6288	17147
1600798983266	197571	41871	35630	32019	44767	43282
1600798983576	300632	63403	59738	56516	64329	56645
1600798983932	415269	80334	93429	80904	80556	80044
1600798984245	370584	76581	73095	68150	83198	69559
1600798984576	488601	96900	104145	92610	100812	94132
1600798984909	444840	91723	95282	86714	86924	84195
1600798985246	418454	88385	86572	77454	85949	80091
1600798985577	396042	73145	80274	77410	84567	80643
1600798985909	266018	57716	59430	50277	49006	49587
1600798986261	294647	67380	59383	52920	62764	52198
1600798986579	303688	58006	66610	62993	57323	58754
1600798986915	388916	72619	81342	76580	81553	76821
1600798987283	277195	65038	59274	50005	52258	50619
1600798987576	328873	66706	68088	64624	66395	63058
1600798987914	303529	61363	61428	58428	62142	60165
1600798988242	311783	61835	69786	61789	62496	55875
1600798988590	280034	62965	54054	50333	54870	57810
1600798988913	282786	55275	62866	55699	57591	51352
1600798989256	329559	69857	67580	64574	67376	60172
1600798989576	342550	72850	72018	63915	69896	63868
1600798989909	283489	53054	61954	55351	57153	55975
1600798990294	356841	76537	70303	70168	70810	69020
1600798990576	310968	58141	70095	60932	62521	59276
1600798990944	300676	65616	60160	53834	62404	58660
1600798991244	279703	59540	60493	52153	54500	53016
1600798991576	303262	60153	69114	57551	60620	55822
1600798991909	297216	56327	61711	57114	60339	61723
1600798992298	271979	59210	55480	54565	55737	46984
1600798992577	321254	65659	67086	58204	63551	66752
1600798992909	349837	70945	77804	67391	68834	64861
1600798993246	365759	78896	74982	71290	74077	66513
1600798993578	291388	58379	60876	51888	57539	62704
1600798993940	244560	52441	49527	50030	54033	38527
1600798994257	223160	46410	48987	36429	45167	46167
1600798994613	395924	87191	91654	82120	49797	85160
1600798994909	456797	86239	85199	85070	121743	78543
1600798995243	340224	69913	71107	64871	73742	60589
1600798995623	386052	77076	80968	68836	75784	83386
1600798995910	306000	63418	67017	59355	66024	50184
1600798996242	392219	82774	81457	79316	79036	69635
1600798996590	351568	73922	73022	68272	67017	69333
1600798996909	359203	72100	76479	68529	74109	67984
1600798997244	322283	67313	68029	60200	66982	59758
1600798997576	364638	77268	80126	62551	72972	71719
1600798997941	294306	59890	59482	64567	54882	55484
1600798998257	338746	68550	73702	59006	68832	68655
1600798998586	330313	68598	70431	62762	69364	59155
1600798998957	297539	60522	58746	60070	62164	56035
1600798999245	311857	66500	65843	61663	60340	57510
1600798999598	345634	68402	67739	68852	69524	71116
1600798999909	294819	60900	64848	51803	62672	54594
1600799000244	337549	71223	73567	65671	65919	61167
1600799000577	310117	66675	65315	57660	62096	58369
1600799000911	272631	52967	54607	55173	57781	52101
1600799001268	141414	32851	30537	27691	25280	25053
1600799001577	320022	62339	68695	58275	63213	67498
1600799001910	494996	98405	105000	94420	101255	95915
1600799002269	413401	85746	88584	81626	83398	74044
1600799002632	323556	69581	66465	59873	64666	62969
1600799002910	288863	58636	64251	52233	60075	53665
1600799003249	329817	66088	66528	68294	65716	63188
1600799003577	335576	72060	66134	62920	67222	67237
1600799003909	368795	76283	80210	72698	72515	67087
1600799004242	366198	75957	75852	69177	72750	72459
1600799004580	361097	74609	77955	67547	77115	63869
1600799004913	328912	64879	67684	63183	63636	69528
1600799005243	351330	75687	74436	64881	74233	62090
1600799005576	311810	67078	65909	58669	59996	60156
1600799005909	319867	61144	66261	63636	64075	64750
1600799006287	311309	64338	63563	60566	64555	58285
1600799006591	311746	65792	69480	55973	61707	58792
1600799006911	318546	67037	65581	63531	65262	57134
1600799007287	297151	61691	62941	56202	60164	56151
1600799007584	346676	69861	70188	66868	70734	69023
1600799007946	211256	45251	46944	42436	41356	35267
1600799008260	155942	31022	32343	30242	32541	29792
1600799008585	189086	36772	37480	34363	37876	42593
1600799008927	511514	105412	107692	98789	103228	96391
1600799009248	368473	73747	76766	71246	76084	70629
1600799009579	356111	75102	77163	68842	66199	68803
1600799009912	373294	78756	78117	68465	78417	69537
1600799010274	377033	75279	80469	72972	76171	72140
1600799010591	314993	65520	66911	58201	64205	60154
1600799010909	315229	66644	68871	60811	59990	58911
1600799011244	366782	74689	76056	65164	75662	75208
1600799011586	404739	82652	84230	82847	80888	74119
1600799011920	324790	69733	68437	61182	65185	60251
1600799012255	344752	68420	74017	70850	68794	62668
1600799012576	315828	69049	63806	56227	63417	63327
1600799012925	317561	61260	68424	60558	67180	60137
1600799013262	314581	64590	66169	62943	63504	57373
1600799013579	314712	69167	66419	56643	61482	61000
1600799013909	274093	54578	56590	53548	57690	51684
1600799014242	362075	68750	79441	71018	72732	70132
1600799014579	207026	52646	40415	39774	38587	35602
1600799014933	147443	29223	28889	27867	31163	30299
1600799015252	259178	50376	53250	47730	53677	54144
1600799015576	435941	88191	67904	81521	82885	115438
1600799015921	350127	71695	97481	69101	74686	37162
1600799016244	334247	70204	71501	62170	65770	64600
1600799016577	328699	66828	69678	62429	68807	60954
1600799016909	322740	68159	67289	60623	64436	62231
1600799017242	318213	63855	68336	63759	61906	60354
1600799017588	322161	69358	66219	59913	67000	59670
1600799017915	355865	68914	76152	64128	71345	75324
1600799018242	370159	78370	77235	77446	73107	64000
1600799018594	284806	56963	63042	53829	57661	53309
1600799018913	360648	72025	73570	68094	77539	69420
1600799019243	338184	74169	74457	64315	64781	60460
1600799019604	350365	72144	70002	68437	71365	68415
1600799019915	363601	71871	80652	68864	73729	68482
1600799020244	328933	70841	67720	62139	63328	64902
1600799020585	370812	75794	73545	75413	76272	69785
1600799020929	361020	75665	77110	66784	71154	70305
1600799021242	455977	92127	92408	85690	98035	87715
1600799021580	271491	60195	61313	53866	50467	45647
1600799021913	143186	28723	29345	27558	29558	28000
1600799022244	162616	32341	31528	30728	31003	37015
1600799022586	456576	93982	97801	87809	92084	84897
1600799022911	357621	73012	75526	63673	75153	70255
1600799023242	377123	77160	79812	73549	71716	74885
1600799023588	372864	73511	78950	74017	75210	71173
1600799023921	354645	73048	78459	64834	74291	64012
1600799024242	302031	73869	68672	31697	62495	65295
1600799024594	401647	74917	76534	102059	76286	71849
1600799024913	337583	66075	72761	61235	73329	64181
1600799025272	360189	77401	70451	74428	69849	68058
1600799025576	295671	65328	67009	52414	58282	52634
1600799025913	365563	73884	75640	70551	73222	72264
1600799026285	380803	75032	80497	74736	78258	72279
1600799026581	272023	57520	60844	51564	52081	50013
1600799026921	314776	63691	62329	60414	66179	62161
1600799027244	334408	71256	71287	62065	68226	61572
1600799027576	349397	72777	74734	70578	68141	63165
1600799027913	370994	75020	76611	67314	76744	75302
1600799028247	253149	53652	52212	51143	51497	44643
1600799028630	184718	37955	39874	36895	35446	34545
1600799028909	427594	84996	85906	81078	88157	87455
1600799029248	359038	74412	78203	66610	72625	67185
1600799029576	360487	73621	76152	71670	72283	66759
1600799029909	358390	71729	74399	67936	73591	70732
1600799030279	332662	71794	72818	62086	65248	60713
1600799030585	297519	61326	58960	56588	60441	60202
1600799030911	331733	64705	70389	63159	70134	63343
1600799031250	351227	77772	74793	68221	67168	63271
1600799031631	321007	62522	65808	62750	64456	65469
1600799031910	345964	76114	72505	64752	68767	63824
1600799032244	373437	77023	83050	64784	77272	71305
1600799032581	361934	74489	75169	75421	69913	66940
1600799032919	362162	74130	73653	70144	75896	68337
1600799033268	373719	72077	81031	73630	75065	71914
1600799033589	351538	79074	73320	61931	70947	66264
1600799033914	321556	67378	68046	59886	65495	60750
1600799034251	368747	72290	73409	71768	78801	72477
1600799034582	229401	50438	50921	47740	41087	39214
1600799034911	161182	32765	34826	31018	31841	30729
1600799035255	136808	27590	27601	28593	24270	28752
1600799035576	314118	65482	64844	55794	67554	60442
1600799035928	356838	70764	69974	70298	73661	72139
1600799036269	395023	81592	91152	71111	76680	74486
1600799036592	351390	71544	73873	68941	72606	64424
1600799036926	329458	71502	68583	61619	65299	62452
1600799037242	351487	71484	74886	64370	71724	69022
1600799037583	396284	77859	79219	77281	80659	81263
1600799037910	273492	58535	56822	54574	55733	47825
1600799038242	329093	69602	70168	62373	63400	63548
1600799038576	326694	65883	71736	64565	65047	59461
1600799038916	311129	67382	62761	55917	64138	60929
1600799039242	406506	79855	88444	77088	79711	81404
1600799039576	342374	72356	69440	68865	72943	58769
1600799039916	361282	73585	78344	71035	69861	68455
1600799040253	322522	65655	69323	56670	68765	62106
1600799040580	319688	65504	66840	63544	64250	59547
1600799040942	275284	59447	58812	53024	54372	49627
1600799041258	254958	47949	55300	49034	51069	51604
1600799041577	182131	42485	33235	37175	37094	32141
1600799041909	155352	32873	32424	32105	29277	28671
1600799042260	182886	34649	40387	29834	36105	41908
1600799042576	507231	104433	103373	98493	104974	95955
1600799042909	435399	83627	92528	84918	90180	84144
1600799043249	353229	75932	77161	65073	68502	66558
1600799043577	361597	75402	75256	73185	72615	65137
1600799043919	327096	68397	68766	58672	66567	64692
1600799044260	345636	68460	72521	67815	70771	66067
1600799044580	334878	72578	70700	64140	64278	63181
1600799044909	396860	78066	84513	75896	81632	76750
1600799045242	338453	68462	73033	64522	66432	66003
1600799045576	293883	63173	59784	56856	62311	51757
1600799045916	299461	62832	65873	57485	53979	59291
1600799046242	377861	76588	75671	76269	78389	70941
1600799046576	364371	64362	61874	49455	97733	90946
1600799046937	259304	66861	69584	64808	28952	29096
1600799047252	385365	78342	78758	71907	83733	72622
1600799047576	309141	63799	70191	61265	56299	57586
1600799047910	314020	65898	57901	61164	66505	62550
1600799048245	404991	82032	89895	78334	79629	75098
1600799048589	292261	63703	59613	54843	60319	53781
1600799048909	228796	43143	48940	45278	46865	44568
1600799049249	209326	43235	40100	36523	39355	50111
1600799049577	429664	90033	93850	85204	88932	71643
1600799049909	365216	72563	75421	68310	74855	74066
1600799050242	341549	70780	72351	65432	68717	64267
1600799050584	361649	62122	62941	55242	92891	88450
1600799050919	174235	56808	55122	20823	14692	26788
1600799051279	416191	77711	82961	101216	83061	71241
1600799051581	262456	57625	56443	53433	48357	46596
1600799051909	401402	78786	85582	76859	83405	76768
1600799052242	354420	72543	75267	69636	70432	66540
1600799052586	345436	71148	70691	65651	69020	68924
1600799052912	343288	73628	70533	63340	70395	65389
1600799053242	341884	65336	74854	68469	71009	62215
1600799053578	343401	74422	72017	62919	66919	67122
1600799053918	341279	72182	69417	65961	67979	65738
1600799054261	313577	58288	68979	58276	65539	62492
1600799054576	328673	73498	70126	63228	65873	55946
1600799054909	425429	86324	88639	82390	86396	81678
1600799055249	390041	82194	83073	74108	75455	75208
1600799055576	294379	62030	59143	60330	59825	53048
1600799055909	142693	29033	28870	27333	30675	26780
1600799056242	490867	83639	109570	98399	100072	99186
1600799056576	363011	90395	71089	64449	72281	64796
1600799056913	414350	85551	88976	75919	82878	81023
1600799057253	370382	73838	73647	69600	81497	71800
1600799057585	402237	85963	89132	80189	73897	73054
1600799057909	357222	74493	73552	69157	73398	66620
1600799058276	369286	75504	77013	69174	71577	76016
1600799058600	321839	66978	69104	63302	66021	56432
1600799058909	347420	71647	72262	65362	69637	68511
1600799059291	348463	70327	74706	66458	72500	64471
1600799059576	321936	63473	62785	63480	66792	65403
1600799059909	320441	70444	69669	59858	60972	59495
1600799060249	294894	58620	62947	57005	60149	56170
1600799060577	328689	69567	67795	65917	63384	62024
1600799060913	327952	65949	66377	62467	68494	64663
1600799061242	301091	63723	70200	55541	59370	52255
1600799061580	259659	51656	51624	48180	53458	54739
1600799061912	336418	68490	71120	64343	69518	62945
1600799062242	209766	47269	45509	41921	41006	34060
1600799062576	171739	34994	33302	33850	34829	34763
1600799062910	943497	193709	197095	175964	191272	185455
1600799063354	27801	4855	6885	5722	5797	4540
1600799063576	381882	78644	79653	77855	76680	69049
1600799063929	391133	72478	81481	77090	80798	79283
1600799064242	320392	74495	67258	57629	62843	58166
1600799064576	329802	67961	73000	62637	64517	61685
1600799064915	356023	73628	74392	70775	69731	67495
1600799065330	332951	69886	69310	62710	66995	64048
1600799065584	346236	69244	74015	65433	72389	65153
1600799065963	330047	72688	69390	62627	61522	63817
1600799066242	288157	51193	58093	57713	62709	58448
1600799066599	321770	70593	68504	58885	64840	58946
1600799066909	340380	67645	72577	64429	69900	65829
1600799067242	319309	67123	62846	65891	64492	58954
1600799067576	308745	63224	69529	56059	60526	59404
1600799067909	382744	75846	78642	71735	79336	77183
1600799068242	360825	79492	80138	60363	74747	66084
1600799068578	371351	76068	76047	79869	72842	66523
1600799068923	318571	64857	67084	63478	65324	57826
1600799069248	189498	37606	36344	37923	41366	36258
1600799069576	164939	35661	36033	31472	28679	33091
1600799069909	444006	87342	91360	83183	93225	88894
1600799070270	323675	67537	74986	60983	62772	57396
1600799070627	324106	64425	64408	65112	67050	63109
1600799070956	267386	56863	58933	49136	51452	51000
1600799071244	415065	81666	86923	76107	87451	82916
1600799071595	334481	73840	67142	63527	67678	62293
1600799071909	326640	68681	73283	62321	61108	61245
1600799072249	374123	72617	76150	74126	77532	73697
1600799072577	344692	73067	71725	67969	67216	64713
1600799072920	341396	70303	71306	63125	72023	64638
1600799073242	351282	71198	75440	68593	69500	66549
1600799073579	331771	71261	68623	61362	66768	63756
1600799073912	334615	71975	68489	68321	65525	60303
1600799074242	415709	83163	90693	76863	84312	80675
1600799074576	302874	63943	58640	58317	62089	59883
1600799074957	245863	48343	53942	49081	50939	43556
1600799075255	288130	54040	62211	52214	57946	61718
1600799075577	445254	93804	91093	82267	91220	86869
1600799075911	337847	68508	72020	67955	66691	62670
1600799076244	388969	80642	84756	73474	78609	71486
1600799076576	325617	66701	67993	62737	64301	63882
1600799076909	355822	75609	77129	68771	69252	65060
1600799077245	366735	74062	74613	69848	77657	70553
1600799077577	295412	62213	62593	57722	55337	57545
1600799077922	312449	62956	63194	60443	67420	58434
1600799078242	305653	65196	66865	58956	59696	54937
1600799078653	295554	59311	62445	57350	57727	58720
1600799078917	253969	56087	54022	44571	51901	47386
1600799079249	305493	61135	64900	57879	61442	60135
1600799079590	344607	71982	67574	67155	71627	66266
1600799079909	333708	66094	75818	66084	65592	60119
1600799080247	332218	67082	65875	60227	70289	68742
1600799080584	388189	82347	84418	74448	75557	71418
1600799080920	288443	60508	60681	54529	59119	53604
1600799081242	410397	87490	86080	81108	80350	75366
1600799081578	370026	78571	75238	69758	74991	71467
1600799081910	348867	71177	74810	67457	70250	65171
1600799082249	245433	50941	50477	46457	51699	45858
1600799082576	153700	30324	32581	29287	31003	30504
1600799082911	410811	76140	85555	80764	81131	87220
1600799083243	408292	88198	86442	75551	84840	73259
1600799083579	369610	80464	78723	67973	73815	68633
1600799083917	364615	74227	76707	71186	72328	70165
1600799084282	390468	80893	84884	75408	76534	72747
1600799084592	334880	64190	69648	60658	70164	70219
1600799084910	351852	77512	72415	72028	68808	61088
1600799085249	356073	68917	76616	68044	70188	72306
1600799085577	336018	68713	69432	64701	70637	62533
1600799085918	356551	76372	73794	68571	70255	67557
1600799086254	292565	62077	63369	53800	59931	53386
1600799086631	324013	64448	67445	62976	65801	63342
1600799086911	342599	65449	72575	63746	73025	67803
1600799087247	372056	78035	82220	71068	73943	66788
1600799087608	278360	56468	53132	53991	58340	56426
1600799087914	320686	63049	68009	67339	65522	56764
1600799088242	324884	71411	71301	59506	61939	60725
1600799088576	289559	56778	60410	54494	62173	55703
1600799088909	299456	58882	64327	55492	63270	57483
1600799089242	295819	66201	61600	60660	55453	51903
1600799089577	117907	23552	24889	20755	24916	23794
1600799089914	414501	83623	87059	79471	84602	79744
1600799090245	298299	61290	62561	53510	60311	60625
1600799090577	267105	56060	54551	53177	52906	50409
1600799090916	253150	49345	51241	50554	53327	48681
1600799091242	258435	57322	58926	48104	48766	45315
1600799091585	253032	50440	49959	47871	53262	51498
1600799091909	243033	51802	54197	47064	47320	42648
1600799092245	243428	47380	52098	48741	49485	45723
1600799092597	261386	54832	51857	49457	52002	53235
1600799092925	246432	50310	53524	46137	49737	46722
1600799093242	249205	54791	49709	48924	48662	47116
1600799093650	237664	48740	52125	43009	48502	45286
1600799093919	277992	54721	58568	53750	59003	51947
1600799094249	243266	48424	51827	48942	48454	45618
1600799094604	237219	51692	48245	45881	46183	45216
1600799094909	249272	47114	54249	43521	52619	51767
1600799095244	269331	58570	57814	52113	54644	46188
1600799095585	240571	50929	47903	46431	48281	47026
1600799095928	263507	51413	55282	49728	52212	54868
1600799096255	257608	54366	54379	53807	51853	43201
1600799096606	215481	42524	43225	38111	46495	45125
1600799096909	266306	55976	62640	51924	49768	45996
1600799097244	223764	45558	43489	43802	43638	47274
1600799097600	281165	59676	60120	53424	56671	51272
1600799097909	241381	48330	50608	45747	51258	45436
1600799098259	245205	49500	51525	45734	49008	49437
1600799098577	236694	48452	53025	46047	44918	44251
1600799098918	283609	59439	56269	55545	58392	53961
1600799099285	239430	48743	50228	44405	48395	47656
1600799099606	267199	54610	56862	50177	57165	48383
1600799099929	230448	51365	48891	43334	44928	41928
1600799100272	251472	47921	51962	51055	47600	52932
1600799100583	279057	56964	62726	46199	61858	51308
1600799100909	227159	49809	44481	49042	44141	39684
1600799101249	255282	52252	54764	49152	51467	47644
1600799101582	253693	50855	50012	46879	51723	54222
1600799101914	240400	47756	54689	48370	45786	43798
1600799102242	247341	53545	49603	48670	51338	44182
1600799102577	251602	51913	52871	47823	49907	49086
1600799102909	254234	52641	55819	45337	52310	48126
1600799103254	247228	50472	49918	49663	50762	46411
1600799103576	255906	54158	54729	49093	49788	48136
1600799103911	241826	49737	49931	45017	49886	47253
1600799104254	241428	47177	50262	45288	50183	48516
1600799104582	258896	56304	56496	48756	50856	46481
1600799104921	246327	49020	51525	50675	48256	46849
1600799105247	247996	51929	51892	46463	49533	48177
1600799105586	263584	57589	54336	48814	52123	50719
1600799105911	251209	49147	52575	48621	52692	48172
1600799106242	234283	48676	48891	45338	46000	45377
1600799106580	242464	44467	52162	47310	53023	45500
1600799106910	267851	59730	55833	51512	51806	48969
1600799107299	252210	51164	54884	47053	49871	49236
1600799107622	292938	61733	59105	56424	58665	57009
1600799107928	95310	16062	20454	19611	21565	17617
1600799108242	338070	73385	73573	63098	66312	61700
1600799108587	254037	53657	50788	45910	54147	49533
1600799108909	263916	51487	56018	54152	50978	51279
1600799109265	262808	54016	54266	48755	52738	53030
1600799109577	228525	46378	50650	46608	46282	38605
1600799109909	250063	55743	51503	46484	49283	47048
1600799110242	256543	45936	54138	50075	54840	51552
1600799110576	253011	54146	54173	47182	49170	48338
1600799110914	290186	62801	60887	56479	57363	52653
1600799111245	190048	39148	40640	40833	35308	34117
1600799111591	256976	52286	51901	46309	55031	51447
1600799111911	248446	51878	48837	47568	51006	49156
1600799112242	252060	51202	56960	46344	51105	46447
1600799112587	238823	47260	50944	45985	47507	47124
1600799112915	261673	53158	53423	50820	55713	48557
1600799113242	255657	55458	54785	48981	47311	49119
1600799113584	250608	50654	54707	49184	50228	45833
1600799113991	246515	51894	50405	46299	49852	48063
1600799114242	255231	54179	54820	47725	50800	47705
1600799114576	239544	47149	46149	43541	52529	50173
1600799114909	260738	54066	58780	52750	49264	45876
1600799115286	242946	47737	48644	48061	51883	46620
1600799115591	250885	54698	53390	45704	49590	47501
1600799115981	262141	54671	57584	50669	51923	47292
1600799116243	214660	45076	43263	41011	42293	43015
1600799116576	310966	63498	66486	58843	62108	60030
1600799116911	199707	41656	40761	40295	40456	36537
1600799117245	235865	47547	49970	41488	48808	48050
1600799117576	252634	50610	53876	45501	50036	52610
1600799117926	252034	51660	52314	51754	52642	43662
1600799118242	258474	50683	53594	48354	53778	52063
1600799118611	241742	54192	50888	45886	47970	42804
1600799118912	250720	49936	53245	52883	46790	47863
1600799119247	287483	58632	62256	52179	58008	56405
1600799119599	234085	47840	48673	45025	48394	44150
1600799119909	237387	53525	50077	42761	44277	46745
1600799120251	225599	43578	44500	44064	49508	43947
1600799120631	253157	53828	55721	49647	48565	45394
1600799120909	297971	58946	63219	57406	61179	57219
1600799121245	236491	49821	47202	45276	50208	43982
1600799121577	248837	48981	53701	50418	46373	49361
1600799121909	249701	54301	52614	45515	49704	47566
1600799122242	251471	45546	55186	49975	54543	46219
1600799122576	238464	53718	48592	43877	45787	46488
1600799122928	389480	81707	80571	74769	81073	71357
1600799123242	269343	55101	60633	48089	51452	54066
1600799123580	94547	18343	16352	22461	18440	18949
1600799123913	235204	47222	50951	42717	51651	42660
1600799124274	275969	55013	58869	54268	54761	53055
1600799124581	239407	53188	50706	45188	44765	45557
1600799124909	258210	51588	51798	49256	55243	50323
1600799125265	240839	50876	53654	45665	46882	43761
1600799125584	230510	46974	47479	44194	45645	46216
1600799125909	260387	51440	56504	48455	53550	50436
1600799126244	262731	55608	56319	51973	51191	47638
1600799126590	265115	51789	53234	51453	55664	52973
1600799126950	224358	48161	44172	42811	45563	43650
1600799127294	262241	53447	56869	50683	52648	48593
1600799127582	243864	51763	52409	43138	49690	46861
1600799127910	253356	53792	53478	50268	49923	45893
1600799128242	265460	54987	55864	50551	52521	51536
1600799128591	247810	48836	53008	47710	50226	48028
1600799128919	237045	50060	47237	44515	48405	46826
1600799129257	269301	54659	57029	50769	54192	52650
1600799129594	229157	48997	49091	44949	45706	40412
1600799129928	248586	47535	51149	46260	53790	49850
1600799130262	248589	54386	52895	48407	45754	47146
1600799130576	260996	51751	53563	50277	55085	50318
1600799130914	233402	52982	50159	43511	45437	41310
1600799131245	257241	48172	54558	50392	53634	50483
1600799131576	245474	51456	51516	47220	48123	47157
1600799131910	274625	57113	57649	49889	55473	54500
1600799132329	229940	47276	47625	46620	47513	40904
1600799132583	256885	51188	52133	45929	53039	54594
1600799132944	248742	52318	54922	50141	47620	43739
1600799133255	244311	50729	50855	46234	49131	47360
1600799133576	257582	53535	53495	48018	52118	50414
1600799133909	263384	53006	56099	48543	54315	51420
1600799134254	241985	47611	51405	47936	49440	45591
1600799134587	252390	55918	52885	48252	49519	45813
1600799134909	251841	49863	53909	46288	50254	51524
1600799135251	234874	48157	47090	47385	46891	45347
1600799135605	259350	52172	58053	50485	52946	45692
1600799135910	260314	56478	50924	46078	53931	52901
1600799136253	235559	48548	50623	47402	45481	43504
1600799136576	260733	53269	55139	49894	54061	48368
1600799136914	242976	51452	51943	45807	46736	47035
1600799137242	268884	52530	56865	51341	57213	50932
1600799137589	240037	51801	49383	47688	47933	43230
1600799137933	264540	54633	55575	51046	52014	51270
1600799138249	227642	48313	47303	42186	46148	43689
1600799138576	246342	47972	50207	48348	50880	48932
1600799138909	227552	44936	49180	44099	45078	44258
1600799139253	261485	55575	55752	49950	52822	47383
1600799139632	219730	47047	47931	40522	43588	40641
1600799139911	269397	50802	52107	56268	55483	54734
1600799140266	244430	51354	54749	44909	49357	44059
1600799140576	256454	52503	49545	49032	53022	52351
1600799140924	305787	65362	67244	57474	59379	56327
1600799141249	233883	45596	47073	47332	48267	45612
1600799141576	215165	44480	44535	41516	42981	41651
1600799141909	287405	61330	63030	53282	57144	52618
1600799142252	224982	45481	47979	43000	46148	42373
1600799142588	245928	52163	48354	46470	50119	48821
1600799142909	285261	51373	61077	58373	59442	54993
1600799143258	242750	56750	52535	42693	45679	45091
1600799143600	217698	44918	44453	41090	44523	42713
1600799143934	275580	56020	59341	51389	57500	51329
1600799144244	225796	47035	46383	44170	44438	43767
1600799144580	256604	48598	55357	50711	53613	48324
1600799144912	244774	55075	48394	43746	48734	48822
1600799145284	267096	56387	57540	50927	51741	50500
1600799145604	247309	49093	50934	49696	51290	46293
1600799145934	204842	42727	46545	38515	36839	40215
1600799146242	295285	58084	59422	56483	63474	57821
1600799146576	271901	53461	61104	51892	55709	49733
1600799146932	223233	49783	44376	43766	42988	42317
1600799147242	236009	48412	48609	45900	49780	43306
1600799147576	249829	50655	53134	48514	47152	50371
1600799147909	270342	55747	57222	48504	56345	52522
1600799148247	257949	55360	54180	48908	52245	47254
1600799148576	239708	49960	51000	47161	48142	43443
1600799148930	220694	39980	47124	44621	45000	43968
1600799149242	246679	47951	52807	44490	51910	49519
1600799149578	298273	67648	61098	58354	57866	53306
1600799149920	243049	48605	48894	44584	52745	48219
1600799150250	247951	52215	55909	49633	45875	44318
1600799150596	266315	54150	54482	52514	51083	54083
1600799150915	238454	49150	49416	43423	47652	48811
1600799151251	274422	55592	58062	52973	58961	48833
1600799151576	211587	46513	44372	40489	41790	38421
1600799151909	233684	45075	47741	44534	48924	47408
1600799152257	262640	55390	60022	49109	52818	45298
1600799152600	261696	55463	51276	50466	51314	53174
1600799152909	239427	48029	48847	46142	50042	46365
1600799153260	259225	49729	56253	47467	54222	51552
1600799153597	236551	51715	49661	46501	45026	43646
1600799153955	232360	36136	52432	47217	49851	46720
1600799154246	272144	74481	55189	50556	48436	43481
1600799154621	237720	46152	49829	46794	49576	45368
1600799154920	243675	50438	50137	45454	48963	48682
1600799155250	252239	55396	54590	43745	49775	48730
1600799155578	293161	49969	63539	61039	61253	57359
1600799155913	219555	53549	42480	41292	41588	40644
1600799156276	251184	53077	53415	47807	51154	45730
1600799156594	252666	50893	52805	47572	51770	49625
1600799156925	267332	51501	59770	49519	55344	51196
1600799157250	228624	50704	44938	44923	43750	44307
1600799157590	265050	54132	54144	53320	52644	50808
1600799157979	306321	63686	65904	58015	62796	55917
1600799158244	171716	33781	36018	33550	36573	31792
1600799158581	86801	19100	18311	15970	16133	17284
1600799158922	3859	832	870	812	671	671
1600799159245	0	0	0	0	0	0
1600799159576	0	0	0	0	0	0
1600799159909	0	0	0	0	0	0
1600799160259	0	0	0	0	0	0
1600799160581	0	0	0	0	0	0
1600799160914	0	0	0	0	0	0
1600799161263	0	0	0	0	0	0
1600799161581	0	0	0	0	0	0
1600799161912	0	0	0	0	0	0
1600799162253	0	0	0	0	0	0
1600799162592	0	0	0	0	0	0
1600799162957	0	0	0	0	0	0
1600799163299	0	0	0	0	0	0
1600799163621	0	0	0	0	0	0
1600799163914	0	0	0	0	0	0
1600799164249	0	0	0	0	0	0
1600799164576	0	0	0	0	0	0
1600799164909	0	0	0	0	0	0
1600799165242	0	0	0	0	0	0
1600799165576	0	0	0	0	0	0
1600799165909	0	0	0	0	0	0
1600799166242	0	0	0	0	0	0
1600799166576	0	0	0	0	0	0
1600799166909	0	0	0	0	0	0
1600799167242	0	0	0	0	0	0
1600799167576	0	0	0	0	0	0
1600799167909	0	0	0	0	0	0
1600799168242	0	0	0	0	0	0
