TIME	THROUGHPUT	PART-0	PART-1	PART-2	PART-3	PART-4
1600795539783	268193	49550	56672	53645	56035	52288
1600795540127	368098	83761	78441	68627	70537	66729
1600795540447	133115	15403	30187	27965	31859	27700
1600795540792	245220	60101	49475	44660	45373	45608
1600795541119	234483	50045	50100	44538	46840	42957
1600795541447	221868	46158	47554	39807	44271	44076
1600795541783	277312	54943	59244	55476	56395	51252
1600795542122	243607	50032	47935	47268	49831	48539
1600795542447	274747	55941	62190	51510	55920	49184
1600795542781	270916	58170	53293	51751	54152	53547
1600795543114	218429	45084	46813	41741	44102	40687
1600795543495	241582	48438	51553	45776	47448	48364
1600795543781	262391	57181	56146	50465	48517	50080
1600795544114	226510	37417	45498	44603	54450	44540
1600795544448	268973	56194	58236	51005	53074	50461
1600795544781	222552	51312	46594	41687	41693	41264
1600795545116	250295	52355	51644	48486	51489	46319
1600795545447	301676	61712	62392	58347	61392	57830
1600795545781	214131	41419	45362	43281	43296	40772
1600795546141	262950	54755	57280	49511	52650	48752
1600795546451	248890	54509	53316	44880	49051	47132
1600795546786	220155	47310	45322	42823	38113	46585
1600795547148	261118	50662	52756	50080	58533	49085
1600795547459	255890	57700	55022	46376	51192	45598
1600795547791	270692	51807	58397	51945	54084	54457
1600795548114	218808	44111	45043	44061	44052	41538
1600795548447	280030	57930	57879	51678	59405	53135
1600795548781	227955	46613	48646	44167	45673	42853
1600795549114	353393	55867	55042	81324	80489	80669
1600795549461	138360	45925	45780	14288	19956	12409
1600795549785	276398	57200	57145	53268	55141	53641
1600795550114	262899	54340	56902	50130	52036	49489
1600795550447	235252	48114	53078	43159	47711	43189
1600795550802	259239	55771	49019	50185	50788	53473
1600795551180	238410	43018	55579	48203	48735	42873
1600795551455	219938	51901	42934	42109	39392	43600
1600795551804	277719	54300	58045	52369	59633	53369
1600795552115	254556	53286	54778	46623	52463	47405
1600795552447	258328	52638	53063	52183	50060	50382
1600795552786	245589	48943	54855	44079	52253	45457
1600795553114	251902	54582	51743	48454	47125	49996
1600795553457	257688	54341	52667	49912	53737	47029
1600795553781	243685	50302	51987	46620	47370	47404
1600795554114	248078	49747	52807	48846	50441	46234
1600795554447	264672	52087	53909	49375	56558	52741
1600795554786	224943	49032	46831	43377	44259	41442
1600795555114	235957	48216	52140	45381	46091	44128
1600795555457	284635	57562	58650	54250	57941	56230
1600795555804	246080	54109	50677	49135	48221	43936
1600795556127	233941	45278	48684	41928	49743	48306
1600795556468	227501	48868	49348	42947	44304	42032
1600795556789	254825	47398	50753	51869	52704	52099
1600795557115	224334	50309	50665	40343	44911	38104
1600795557461	308670	61144	64757	58390	62586	61791
1600795557797	238345	51172	50788	48366	46315	41702
1600795558114	239917	48318	49839	45624	49665	46470
1600795558450	274958	53964	58788	52875	57648	51681
1600795558781	271259	56000	54102	49193	55540	56422
1600795559181	248455	53542	53270	49545	47772	44325
1600795559458	199765	40884	43274	36855	39935	38815
1600795559781	221368	46486	44114	43006	44173	43588
1600795560121	230947	43358	50070	45735	47194	44588
1600795560448	290220	63813	61262	52428	59067	53648
1600795560796	253968	54652	54017	50931	49146	45221
1600795561114	267547	47216	54767	51292	57641	56628
1600795561463	253590	59080	54051	46842	47679	45936
1600795561785	230037	47645	48726	44773	46403	42487
1600795562114	262860	47158	57407	49121	55805	53367
1600795562450	232997	53809	45860	42550	46196	44580
1600795562794	242348	49482	51877	49712	47787	43488
1600795563142	403364	82620	84583	75991	82594	77574
1600795563448	90205	20264	16339	19852	17366	16382
1600795563830	256358	52107	58057	50892	50390	44910
1600795564114	258485	51288	53193	44866	53690	55447
1600795564447	236894	52591	48786	46510	47792	41213
1600795564785	233485	47035	50153	43097	46786	46411
1600795565123	268855	53991	55502	52618	54928	51813
1600795565451	253719	52338	52036	50637	51594	47112
1600795565784	256471	51585	55561	48048	51414	49861
1600795566114	248893	53742	51615	46121	49575	47839
1600795566452	249633	52467	52236	46994	48502	49431
1600795566781	236000	46562	51471	46337	49042	42586
1600795567117	259196	54553	52642	49821	51642	50535
1600795567461	258947	50860	55802	49709	52029	50546
1600795567800	206445	43430	41876	37861	43362	39914
1600795568114	297070	61184	62471	57707	59273	56433
1600795568459	245182	48147	51382	48411	49081	48159
1600795568781	231611	52220	52204	43322	43111	40751
1600795569134	267087	50062	53342	52691	50079	60912
1600795569459	259307	52824	55144	47692	64710	38935
1600795569801	234116	53172	48845	46201	41315	44581
1600795570114	250354	48498	53121	47546	53798	47389
1600795570470	262421	52929	56713	51087	52106	49584
1600795570793	240950	55343	50603	44136	46637	44229
1600795571129	246622	47785	49729	46741	50988	51377
1600795571447	243402	50084	55575	46125	47317	44298
1600795571781	231008	46302	44595	43913	49958	46239
1600795572116	287116	56519	62549	57898	57588	52561
1600795572447	247302	55060	49803	46404	48670	47362
1600795572781	188383	38491	40353	34050	39350	36137
1600795573116	308211	60817	65325	62701	61089	58277
1600795573451	260325	54946	52453	49850	53191	49883
1600795573797	222196	49164	50722	39453	41040	41815
1600795574125	282219	53783	56667	55823	60274	55670
1600795574456	228561	50864	50326	39691	43099	44580
1600795574793	260988	51391	55097	54712	53804	45982
1600795575114	234330	49401	48613	43485	48071	44757
1600795575447	271468	53408	54879	52456	56960	53762
1600795575781	261425	51631	57152	49652	51772	51215
1600795576123	226324	52845	47146	43596	42926	39809
1600795576459	237318	48889	48877	44077	48836	46636
1600795576782	267111	55034	57504	51538	53219	49814
1600795577116	245613	49775	52772	44979	49658	48428
1600795577447	299567	63069	61658	59335	60537	54966
1600795577792	200124	38895	42901	38431	41884	38011
1600795578127	250740	50764	51238	47364	50146	51226
1600795578447	254146	52221	52159	52181	49431	48153
1600795578782	241865	50982	52489	44101	49504	44788
1600795579122	255305	52349	51338	47394	53676	50547
1600795579451	246860	52571	52115	46814	49924	45434
1600795579785	254278	49979	54601	50715	51497	47485
1600795580120	254659	53746	54197	46095	53128	47492
1600795580481	243005	47930	54346	46246	44770	49711
1600795580793	268964	58612	51919	54016	54451	49964
1600795581114	230741	48087	50822	42345	46433	43052
1600795581447	230873	45603	48738	46456	44195	45879
1600795581781	280473	58682	56859	53562	61440	49928
1600795582121	227079	44147	46267	44220	46223	46220
1600795582448	249024	54284	55418	44302	49070	45948
1600795582781	261096	53300	54195	52711	49900	50987
1600795583125	246805	51776	52049	47215	50750	45014
1600795583464	264283	50230	58684	50398	52498	52471
1600795583782	257644	57367	50905	48176	52427	48767
1600795584117	217907	45044	45570	42483	43716	41092
1600795584466	255922	51578	55197	47968	52421	48756
1600795584791	267849	55141	53704	52766	56800	49436
1600795585114	264492	53526	56365	47219	51356	56024
1600795585470	232132	46612	49334	46859	47693	41632
1600795585781	232250	50331	47205	45723	47893	41096
1600795586114	244891	47252	54525	44219	48591	50303
1600795586447	273963	58783	56852	55885	52558	49882
1600795586784	220718	47608	46204	39747	44163	42994
1600795587115	286879	56966	61909	55803	58141	54057
1600795587447	213153	47433	43563	39677	44963	37515
1600795587783	270550	52119	57401	53636	52997	54395
1600795588114	297235	55966	64033	54410	63891	58933
1600795588455	192645	45521	38070	37237	37205	34609
1600795588792	250602	53234	52189	47596	49020	48560
1600795589125	274048	57684	57225	54120	54594	50423
1600795589458	254333	46888	53180	49423	52981	51858
1600795589784	241828	53233	53355	43745	48122	43371
1600795590122	252698	53680	52508	50192	49464	46852
1600795590457	232059	44937	48734	44340	47182	46865
1600795590781	259929	53793	54842	50132	52148	49012
1600795591121	252399	52038	54752	47364	52564	45679
1600795591447	231466	46638	47981	45217	44742	46886
1600795591781	280212	56500	59817	54182	57347	52365
1600795592114	232462	53291	48072	41201	45096	44801
1600795592463	295361	45994	65229	62793	63177	58166
1600795592788	219984	57855	41092	38360	43953	38723
1600795593165	240994	49827	50342	43941	49161	47721
1600795593447	236652	47244	51539	46195	47822	43851
1600795593792	241171	49939	49686	48011	47527	46005
1600795594114	267972	55378	58993	48347	53767	51484
1600795594449	251988	55047	51638	47232	49158	48910
1600795594860	245180	49294	52153	48924	49973	44834
1600795595120	259061	52542	53246	50576	51734	50961
1600795595458	245668	48813	51251	48976	51260	45366
1600795595789	246942	52981	52731	44743	48196	48290
1600795596114	264227	49892	56886	54646	55332	47470
1600795596449	230161	50453	48358	42462	43226	45659
1600795596827	232370	50171	46330	41809	48285	45772
1600795597153	196266	38963	44776	37730	38098	36699
1600795597447	212585	42078	47023	44408	41234	37840
1600795597782	149343	29749	31602	27770	29540	30680
1600795598123	157269	32431	35976	30193	31533	27134
1600795598496	163487	29407	37844	32571	32723	30941
1600795598805	120349	26754	25420	24527	22398	21249
1600795599144	133126	27519	27469	25147	26557	26433
1600795599447	134564	26412	28409	26607	28537	24597
1600795599797	129877	25908	26811	26885	24077	26194
1600795600114	129274	25293	31211	25369	24214	23186
1600795600447	126138	23477	27762	25318	26300	23279
1600795600784	126433	25317	26332	26471	25596	22715
1600795601127	138483	28530	29930	26740	26623	26658
1600795601448	135445	26161	30090	27342	26968	24881
1600795601781	126720	24807	28153	26072	23918	23768
1600795602121	126573	27070	26711	25255	24644	22891
1600795602489	128046	23222	27720	25940	26404	24758
1600795602830	139724	26659	27929	28926	29090	27117
1600795603123	127324	26075	32000	23566	23542	22139
1600795603463	130532	26073	28764	25532	25017	25144
1600795603782	137536	24586	27416	26548	27181	31802
1600795604121	211669	46492	45761	41814	43439	34162
1600795604473	205417	40894	43377	39161	40457	41525
1600795604814	195923	37882	41689	40873	40076	35401
1600795605123	208631	43210	43394	40440	42530	39055
1600795605448	236516	46686	49689	44753	49790	45596
1600795605781	229321	47510	49255	45219	44168	43168
1600795606114	218444	41894	43807	44609	46201	41930
1600795606481	224422	47441	49504	40659	46051	40765
1600795606797	236468	47246	49401	47136	44841	47841
1600795607116	224288	45269	47137	42884	47927	41068
1600795607460	232331	48680	48014	45697	46555	43383
1600795607786	172745	33070	36705	33932	34773	34263
1600795608140	157474	30223	33590	30231	31971	31457
1600795608447	163882	33368	35576	34071	31260	29605
1600795608787	162547	32038	34394	30902	34020	31191
1600795609114	154700	32831	32339	32626	29620	27281
1600795609457	167518	34084	34489	32244	34839	31860
1600795609782	153550	29932	36566	29806	28698	28547
1600795610119	169955	33267	35667	33608	33988	33424
1600795610451	158376	31259	32756	30539	33813	30009
1600795610781	159842	33357	34596	32703	30696	28487
1600795611115	163625	32733	35023	31179	31242	33446
1600795611449	151185	28488	35428	30056	31640	25571
1600795611781	202286	41873	37870	40240	42719	39581
1600795612130	238716	51512	50277	46911	46707	43306
1600795612453	249241	48653	48235	51736	51207	49408
1600795612781	259021	54728	52929	50847	52192	48323
1600795613121	249991	51347	47952	50752	52182	47755
1600795613474	217025	47487	44640	41807	42000	41090
1600795613781	257472	51843	50495	53280	50755	51097
1600795614121	272070	55602	53844	55326	57273	50023
1600795614496	259394	52816	50629	53570	52554	49824
1600795614800	255894	52809	52970	47220	50500	52394
1600795615117	264451	58488	51176	50406	57141	47236
1600795615457	251649	50261	51749	53320	48361	47955
1600795615816	264189	57729	50289	53791	53423	48955
1600795616116	276683	56583	56863	54246	56763	52226
1600795616447	263589	56347	48193	53867	54293	50888
1600795616785	245573	47982	52715	46730	50905	47239
1600795617115	232484	50315	46430	46160	46193	43384
1600795617462	219775	45276	44792	45314	42420	41971
1600795617782	250609	52465	50381	49025	50659	48078
1600795618115	335222	68630	66975	64528	68621	66465
1600795618447	385213	84256	78201	69527	79734	73493
1600795618820	417112	84906	89680	79806	86436	76281
1600795619130	331712	67612	68361	62919	66525	66293
1600795619469	348823	77348	74631	63483	69598	63761
1600795619811	406804	82233	84304	79438	82640	78187
1600795620117	391964	83101	82075	71813	76385	78588
1600795620459	402827	90350	85637	72514	79596	74728
1600795620793	383398	79059	75137	72778	80934	75488
1600795621114	377775	80193	77115	72015	75258	73193
1600795621447	377120	78000	80123	69777	75813	73405
1600795621792	424397	89339	87950	78139	87217	81750
1600795622140	414399	86537	86247	77948	84755	78910
1600795622447	365915	77996	79358	68700	68482	71377
1600795622785	344266	69352	75615	61177	72804	65316
1600795623114	367768	73668	77167	68814	76048	72069
1600795623447	340351	73234	71588	63579	65900	66048
1600795623781	329949	67877	72056	61374	65152	63488
1600795624128	306253	62723	66351	56181	62832	58164
1600795624542	372012	77340	80782	67666	73065	73157
1600795624794	362250	76658	76757	65019	76154	67658
1600795625152	352270	71927	76108	65969	73100	65164
1600795625468	342971	73272	72857	61462	67129	68250
1600795625781	338837	70175	73670	59325	70242	65421
1600795626126	348898	71313	76069	66037	68939	66539
1600795626447	356732	77676	77560	63909	70931	66654
1600795626783	292229	57541	57898	52860	63202	60726
1600795627117	342362	74419	75991	64299	64589	63062
1600795627447	365506	77112	78396	65360	76439	68196
1600795627802	355583	73346	77416	64907	69239	70673
1600795628114	350464	71333	77400	63432	70714	67583
1600795628447	364645	78357	78339	65624	72759	69564
1600795628781	338541	65778	69652	62365	75224	65520
1600795629115	275044	60116	60296	53532	51877	49221
1600795629447	271418	53063	56762	52518	58021	51054
1600795629794	232023	48668	45438	45409	46360	46146
1600795630127	248672	52732	54720	46303	49030	45885
1600795630453	249073	51555	56619	46736	48466	45696
1600795630781	245155	50628	48246	46018	51076	49185
1600795631184	259223	52369	54801	51764	51387	48900
1600795631450	256590	55699	53244	48150	51913	47582
1600795631793	241233	46463	51379	46451	49752	47186
1600795632114	256806	56065	54744	47850	51267	46878
1600795632447	245411	48648	52114	46510	48801	49336
1600795632781	249952	48529	48056	50814	52967	49583
1600795633115	248137	54781	55829	45065	48149	44311
1600795633447	251400	50469	55301	48385	49192	48051
1600795633799	256948	52673	52752	49079	53764	48678
1600795634117	242201	51871	50726	45849	47940	45814
1600795634447	266193	50918	53530	50148	52790	58806
1600795634783	223991	47425	48976	44889	46973	35726
1600795635114	265924	57226	56377	49625	52166	50528
1600795635462	252396	50431	51741	51376	50385	48462
1600795635811	244372	51252	53143	44879	49510	45587
1600795636118	252550	51345	52071	48768	51589	48775
1600795636448	250103	49978	55039	47339	49863	47881
1600795636793	246857	49962	47855	47701	52168	49171
1600795637124	264438	56631	58009	49555	51374	48867
1600795637454	239384	49839	51781	45384	48645	43733
1600795637894	250804	50068	50672	46868	52322	50872
1600795638117	257493	58228	55130	51910	49358	42865
1600795638447	234869	46609	50951	44324	47800	45184
1600795638781	251706	53817	51185	48742	47781	50179
1600795639124	252268	52460	53734	47510	53965	44597
1600795639447	244077	44761	49173	46718	51736	51687
1600795639808	267415	57759	58296	52119	50792	48448
1600795640114	243741	51898	50019	46022	49114	46686
1600795640449	229883	46226	50388	45119	45191	42958
1600795640789	246976	53044	50617	45211	49405	48697
1600795641138	277057	51968	55504	56217	58171	55194
1600795641456	238361	49927	50880	44437	46974	46141
1600795641785	250303	54768	54519	48860	48212	43942
1600795642114	258501	53747	54367	48620	54844	46920
1600795642461	242832	47853	53331	46046	48688	46913
1600795642781	241428	52778	49462	44831	49328	45028
1600795643151	246675	49827	52937	47927	46735	49248
1600795643485	254982	51425	52278	50314	55125	45838
1600795643781	251074	55469	51064	46908	46554	51077
1600795644122	261665	52043	57976	48956	53891	48797
1600795644452	228487	44545	47157	45245	47763	43775
1600795644781	267060	56702	54902	51927	51787	51741
1600795645118	249759	52002	52498	47261	51451	46545
1600795645453	234564	47543	48113	42325	51259	45322
1600795645785	258503	55213	56602	52813	46596	47277
1600795646120	246683	50540	51280	45522	51205	48134
1600795646447	251342	50663	51899	48376	52357	48045
1600795646781	248293	52988	52745	46182	48772	47604
1600795647114	252462	45144	54717	50297	53390	48912
1600795647452	237082	55964	50014	44133	45639	41331
1600795647781	267288	52303	55805	50674	52571	55933
1600795648123	257891	53687	51783	51915	53640	46865
1600795648464	233067	45961	49120	44208	48175	45601
1600795648787	244331	51996	53458	46591	46436	45848
1600795649140	255711	51441	53847	46966	52705	50750
1600795649447	246296	49811	50377	49061	50377	46667
1600795649800	251492	54745	53844	48345	49317	45240
1600795650114	263659	47729	57238	51181	55047	52461
1600795650448	251970	56589	49610	44083	51781	49904
1600795650826	258780	54301	54693	50164	48835	50785
1600795651116	219244	45006	50606	39468	43465	40696
1600795651484	258657	55421	52660	52233	53779	44562
1600795651803	236507	45702	48294	45357	45410	51742
1600795652146	251551	53323	54122	47845	52883	43376
1600795652447	280880	57279	55823	56598	55890	55289
1600795652808	278722	57130	61193	52296	56761	51340
1600795653117	193825	37090	41139	37618	40809	37168
1600795653447	257203	57275	52387	48878	51251	47409
1600795653781	259302	50287	56026	50826	52299	49862
1600795654122	241346	50976	49800	43164	47032	50372
1600795654468	244554	49135	50158	49924	50861	44473
1600795654793	252000	54846	55341	46406	48433	46972
1600795655124	256338	48797	52480	50936	53649	50474
1600795655495	241469	53145	52970	44277	47668	43407
1600795655782	260668	51132	54585	50578	53871	50501
1600795656145	249719	52898	51275	48267	48765	48512
1600795656448	250966	51518	52415	47425	51039	48567
1600795656791	250154	49804	53644	48157	51416	47131
1600795657114	230783	48897	48362	42650	46027	44845
1600795657452	288914	57600	58565	56899	61384	54464
1600795657787	232832	50089	50644	44280	44346	43471
1600795658129	249970	46763	52508	49657	51049	49991
1600795658465	242488	54369	51973	43988	48925	43232
1600795658824	244387	50292	50880	47729	47557	47927
1600795659117	252030	53549	51488	46965	53365	46662
1600795659506	252542	50791	55722	48167	48275	49586
1600795659788	259950	52138	53404	50851	54258	49297
1600795660114	249263	50334	48570	48095	53171	49092
1600795660447	250750	53444	57756	46657	48105	44786
1600795660781	251020	49413	50799	50634	51326	48847
1600795661122	241630	50269	51052	42935	46231	51140
1600795661455	239603	52741	52219	46729	50924	36987
1600795661787	265156	49295	55222	50361	55150	55126
1600795662114	245009	53636	49737	48678	46125	46831
1600795662463	257710	52243	55283	49343	52045	48793
1600795662783	243409	52575	50231	47309	47184	46109
1600795663114	241456	49682	51111	44945	51093	44622
1600795663454	267982	55202	58626	52226	52782	49144
1600795663787	253117	46153	51246	50123	53048	52546
1600795664114	249238	57795	51620	45272	48051	46498
1600795664447	246927	51153	54234	46084	50231	45225
1600795664817	259035	49437	49597	53229	54627	52143
1600795665114	226690	50545	51784	39801	42969	41589
1600795665448	254428	51871	54673	50083	50688	47110
1600795665781	246003	50567	51318	42780	51630	49705
1600795666138	244140	50249	48422	48372	49672	47422
1600795666447	262598	56462	56902	51223	51119	46889
1600795666798	252418	50000	53535	48618	51566	48698
1600795667115	248198	53217	53611	46914	49460	44993
1600795667447	245656	46668	50617	48801	50521	49048
1600795667835	242018	51569	52494	44716	47500	45737
1600795668114	284247	54598	56358	53569	61279	58440
1600795668451	225818	47765	46364	45792	44839	41056
1600795668800	258515	54318	59212	48444	50395	46146
1600795669114	245130	50904	49270	46665	50783	47506
1600795669449	250277	52826	52958	47205	49602	47683
1600795669820	251727	52746	52514	48355	48533	49576
1600795670114	258159	53244	53217	50333	54404	46959
1600795670447	234267	45441	51000	43216	48240	46369
1600795670786	251808	53799	52873	48076	47445	49613
1600795671155	247981	46249	54254	48991	52479	46005
1600795671447	256489	53773	49520	51434	51962	49797
1600795671781	304706	54979	69431	58002	62697	59595
1600795672129	195640	52761	36152	34807	37729	34189
1600795672464	247916	50062	53310	47220	48638	48683
1600795672797	264675	54087	54747	50843	53657	51339
1600795673114	252854	51309	52798	50958	53611	44176
1600795673458	233438	45941	50462	43404	44953	48677
1600795673798	249914	54726	51285	47276	50047	46579
1600795674116	263600	54418	56584	51295	53289	48012
1600795674448	256665	47078	57222	50891	52756	48716
1600795674781	238132	54993	48042	44060	46396	44639
1600795675118	252768	52468	52154	46851	52136	49157
1600795675461	250790	49469	52104	50711	51352	47151
1600795675823	251958	53502	54267	46132	49516	48538
1600795676149	235337	47530	46720	47371	48843	44871
1600795676447	256406	50711	57197	43879	52614	52003
1600795676804	234392	51168	48148	46467	45347	43260
1600795677121	275933	56359	57987	54681	55596	51309
1600795677473	247355	48801	53568	45545	51150	48289
1600795677809	237723	54860	46875	45672	46116	44199
1600795678123	265961	51633	58646	51675	53477	50528
1600795678534	241888	50374	49715	46688	48722	46386
1600795678784	261796	48988	53716	44104	48196	66792
1600795679114	245230	51675	51948	52400	54090	35115
1600795679459	240008	50133	53631	42713	46875	46655
1600795679781	265975	55409	55381	55133	53723	46326
1600795680134	248456	51436	49934	45668	51396	50019
1600795680459	250458	47969	53572	48547	51181	49187
1600795680808	238527	53833	47681	42326	47412	47272
1600795681122	253697	48159	56226	52898	51216	45197
1600795681451	237361	52188	49753	44249	47337	43832
1600795681784	261882	53738	55939	51264	50945	49993
1600795682114	247527	46769	52351	45781	53324	49300
1600795682473	261908	55894	56816	50100	52757	46339
1600795682803	231569	48345	48539	42984	46981	44718
1600795683121	272163	54471	53276	55006	54471	54937
1600795683493	240180	50647	51989	44868	47067	45607
1600795683805	259083	51618	51897	48740	56839	49987
1600795684118	227293	48140	50000	44405	42319	42428
1600795684449	259271	55259	54425	49534	52525	47525
1600795684809	242219	49480	50136	47602	46125	48875
1600795685114	262140	54678	56747	50760	51259	48695
1600795685447	245909	45189	50816	44933	56372	48597
1600795685868	256798	53612	54080	51919	49693	47491
1600795686124	248539	52863	55175	44921	47929	47648
1600795686455	236030	51383	47791	45114	48262	43477
1600795686791	259931	53187	55958	49086	51532	50166
1600795687127	243113	50857	50511	45892	50821	45029
1600795687447	256615	52843	53825	49431	51384	49131
1600795687785	250668	51230	52239	48390	49295	49511
1600795688116	244870	47664	54794	47126	49655	45628
1600795688456	258041	54870	49285	47435	55641	50808
1600795688811	242371	51918	52329	46397	47859	43867
1600795689115	243500	45710	48700	48625	51782	48680
1600795689447	235783	51512	52186	45259	43768	43057
1600795689788	250061	47973	54648	47882	52275	47281
1600795690114	261901	53926	53493	49036	51266	54177
1600795690447	245042	54192	52936	46633	48597	42681
1600795690785	263624	48837	54621	53772	55718	50674
1600795691127	255233	55228	52809	47251	50134	49809
1600795691447	252078	53281	54065	47146	49765	47818
1600795691781	235952	47745	49796	42056	49119	47233
1600795692118	244664	51480	50017	52504	46961	43700
1600795692447	232215	46924	46738	43525	48188	46838
1600795692784	278062	57890	62706	52590	53510	51364
1600795693117	236774	50342	47225	42252	49912	47042
1600795693457	251791	49717	54605	52144	50291	45032
1600795693789	271569	56319	52960	49858	55924	56506
1600795694114	237258	48520	52821	45753	47360	42803
1600795694447	263618	52954	56078	50624	54306	49654
1600795694781	222041	48299	48796	41128	40176	43640
1600795695116	272104	55480	55746	53949	57994	48934
1600795695476	236652	49802	49325	44822	46155	46547
1600795695792	257462	50598	52376	48034	56433	50018
1600795696115	249798	49931	54421	49377	47814	48253
1600795696472	230218	49112	50467	43607	45663	41366
1600795696808	262809	53377	54175	49752	57604	47898
1600795697114	256251	49009	51189	49081	49986	56983
1600795697447	255972	53312	55036	51459	50984	45180
1600795697793	248601	53971	52895	45040	47306	49387
1600795698118	232846	51504	51046	42467	45830	41996
1600795698449	266918	52078	53341	53205	56993	51299
1600795698789	222494	45773	48097	42961	43461	42200
1600795699131	268002	53991	54587	54228	54415	50780
1600795699465	259128	54350	56625	47185	53044	47922
1600795699821	225376	46250	48191	44323	43292	43320
1600795700130	282569	63106	57472	49705	58618	53666
1600795700447	223876	43356	47605	45476	45268	42170
1600795700805	267681	55081	56410	51083	54290	50815
1600795701120	239901	50142	51514	46371	46961	44911
1600795701489	261699	53330	52138	50653	54138	51439
1600795701790	245083	50953	53867	47348	47471	45441
1600795702117	265571	48883	51547	51785	57960	55394
1600795702447	248342	54887	55790	45912	46712	45039
1600795702789	239149	50999	51923	45359	46192	44672
1600795703148	254710	49665	53222	49509	53398	48913
1600795703448	248546	54266	52423	47283	47390	47183
1600795703785	257222	54201	50860	47314	54982	49863
1600795704114	246550	51607	53483	47583	48334	45541
1600795704456	242102	47637	51897	46242	49979	46345
1600795704781	250781	52661	51766	49790	48378	48184
1600795705115	224703	45574	48538	41835	46757	41997
1600795705460	273301	54350	60875	52118	54228	51727
1600795705793	264489	54666	49882	53153	54723	52063
1600795706114	237448	50532	50934	43638	48255	44087
1600795706447	238645	47288	48516	45171	49414	48255
1600795706797	259411	52628	56157	46840	54288	49497
1600795707114	235123	49331	51072	47047	43533	44138
1600795707449	249883	55164	51516	47913	49925	45364
1600795707786	250768	50222	51139	51474	51454	46477
1600795708147	259639	52157	55321	49759	51479	50922
1600795708475	234475	48048	48210	41862	47810	48542
1600795708782	286876	57957	60615	55026	60527	52749
1600795709114	241771	51310	52804	46289	46171	45195
1600795709449	253498	54794	52423	47522	51140	47617
1600795709807	239279	46905	48986	47536	48114	47737
1600795710114	242755	47426	54508	47237	47527	46055
1600795710451	265658	56124	52513	47299	56958	52762
1600795710781	232839	47709	51900	44757	45621	42851
1600795711118	261225	53854	56246	53175	52673	45275
1600795711450	238759	52548	47057	44277	46849	48027
1600795711782	260352	52331	54475	49981	54352	49210
1600795712144	260314	54781	56685	49552	49823	49472
1600795712468	229478	46496	46388	45009	47487	44095
1600795712814	249647	49962	53589	45722	52179	48193
1600795713117	202293	43924	45580	40062	37518	35207
1600795713469	287255	55698	56051	57497	60204	57803
1600795713871	250034	50542	56582	47507	48823	46579
1600795714114	271485	57831	52551	51090	59041	50971
1600795714450	248535	52241	56586	44119	47148	48440
1600795714808	238569	50103	47804	48019	48729	43913
1600795715209	266618	54251	56152	48900	55234	52079
1600795715447	240500	50571	47184	46063	46546	50134
1600795715802	251349	51014	55135	50135	49800	45264
1600795716115	247044	53626	52290	46980	47872	46274
1600795716460	233501	46927	48095	45205	50165	43107
1600795716791	261543	51791	55027	50087	52024	52613
1600795717119	230969	51140	48878	45932	41088	43929
1600795717454	260167	53352	57134	46576	56214	46889
1600795717784	240087	46121	49284	48487	49478	46715
1600795718114	271942	55921	55412	52775	55375	52457
1600795718450	245413	52574	53226	45202	48750	45660
1600795718781	335528	51546	53024	75703	78743	76510
1600795719114	144387	48423	47438	17042	17333	14150
1600795719447	273504	52567	54336	50831	58708	57060
1600795719799	254639	55778	55815	49482	47866	45696
1600795720116	253476	54063	53804	48457	49517	47634
1600795720518	252733	49537	53338	47646	52500	49711
1600795720786	234347	49929	48537	45093	47138	43649
1600795721141	236002	48301	42171	47684	50952	46892
1600795721466	261009	52935	63209	46769	50547	47547
1600795721810	242616	47880	53066	47470	49732	44465
1600795722130	246721	52934	51837	47403	46525	48021
1600795722451	267872	54043	55965	52336	56264	49261
1600795722790	408734	82501	87510	77471	82103	79147
1600795723118	249082	53429	45637	48356	49746	51911
1600795723453	92564	19689	21573	16289	18850	16161
1600795723784	240117	49151	53157	45108	48483	44217
1600795724114	242333	47827	49557	49184	48624	47139
1600795724461	252072	54734	54561	45363	50605	46806
1600795724781	266400	53725	55171	52415	55450	49637
1600795725129	236586	49810	49290	44913	46252	46318
1600795725449	255384	49225	53521	46225	55175	51237
1600795725792	254935	55510	53752	51915	48597	45160
1600795726126	246167	49523	53212	47652	48152	47625
1600795726450	268157	55750	52157	50237	57395	52617
1600795726781	242652	50450	53924	46561	47244	44471
1600795727124	246865	53367	51731	47093	47623	47049
1600795727448	235296	46305	48604	46450	47018	46916
1600795727781	254330	50393	55192	46957	53837	47948
1600795728121	266979	57117	56558	52276	52155	48870
1600795728448	242969	48516	51067	44954	49960	48470
1600795728791	237483	52533	48279	45938	45516	45215
1600795729133	268418	51780	58423	51792	57032	49388
1600795729460	257969	55951	53045	49162	50691	49119
1600795729785	229015	43000	45904	42640	49944	47526
1600795730136	254353	55250	55880	49113	47746	46361
1600795730469	225021	45885	45000	42045	47312	44777
1600795730781	257599	52621	52996	50564	53618	47798
1600795731114	255147	51042	56360	50906	49666	47171
1600795731468	236635	41307	55618	46661	49045	44002
1600795731781	267079	70399	49392	46258	50680	50348
1600795732114	254963	46705	54102	50180	52792	51183
1600795732451	242712	49596	50427	46228	46489	49970
1600795732781	242972	51730	51863	46481	49357	43539
1600795733114	355705	47987	56561	82657	87996	80501
1600795733450	138372	52375	45547	11380	14092	14976
1600795733781	279815	59422	57788	55595	56211	50797
1600795734115	247823	46176	56829	46895	49877	48044
1600795734448	237627	53558	48525	46327	45330	43885
1600795734791	251011	52498	48463	44982	55530	49536
1600795735114	270814	54126	62021	52773	51647	50244
1600795735464	244605	42028	53642	49914	51720	47300
1600795735786	263726	63180	53276	48993	49605	48670
1600795736114	213179	45722	42954	39030	44286	41185
1600795736458	270633	55857	58662	53476	51683	50953
1600795736781	240674	49693	47987	44702	52783	45507
1600795737120	230684	47501	48141	43820	45094	46126
1600795737447	273743	58330	60675	51975	50446	52314
1600795737811	260568	51431	52357	52120	55681	48978
1600795738114	237726	48234	50914	43128	50762	44686
1600795738448	226793	45895	49724	44296	43479	43398
1600795738801	240764	50206	49184	45617	49334	46422
1600795739114	298693	54738	63424	56853	63060	60616
1600795739448	213308	47380	44077	42667	42517	36664
1600795739781	268459	56765	58489	52315	50738	50150
1600795740120	257153	52333	56014	47023	52235	49545
1600795740464	243770	49956	49773	47081	50139	46819
1600795740788	242450	48867	50490	45870	48750	48472
1600795741114	239628	49981	50088	45162	49337	45058
1600795741463	269131	61300	57048	51203	51862	47716
1600795741786	249600	49458	53191	49191	50055	47702
1600795742120	260266	47607	53682	50640	55170	53164
1600795742448	252405	57719	53393	46945	48387	45960
1600795742781	239255	49645	50495	46642	47900	44570
1600795743114	241249	47948	47762	44108	50885	50543
1600795743449	276910	57698	60841	53976	54802	49591
1600795743781	240641	49358	50015	46388	49054	45825
1600795744129	244485	47517	52422	47563	49784	47198
1600795744447	235367	50094	48883	44229	47229	44930
1600795744789	274584	57356	58883	53067	54289	50988
1600795745144	244202	48929	50056	49580	47591	48045
1600795745447	256128	54435	55729	46834	50825	48303
1600795745793	237182	48132	49384	44661	51329	43673
1600795746114	241127	51554	49152	46638	48006	45775
1600795746448	325332	60026	70841	63514	66538	64410
1600795746787	189224	45171	39640	34941	36238	33233
1600795747130	226212	41755	46090	42714	48650	47002
1600795747447	248321	54905	48769	48675	49246	46725
1600795747786	253607	52188	56309	49076	49359	46672
1600795748125	320867	69471	66823	59306	64498	60766
1600795748455	209030	37648	45700	40321	42981	42378
1600795748782	294923	52048	47024	65733	68223	61892
1600795749115	154756	46006	45303	19699	18837	24909
1600795749461	280213	55511	57156	55950	59208	52387
1600795749793	191397	42578	45003	34789	34159	34867
1600795750115	396295	77046	82080	73279	86527	77360
1600795750450	143865	29340	26026	29937	29032	29528
1600795750792	203961	51342	53359	16625	40906	41728
1600795751114	293872	55378	52633	79885	57285	48689
1600795751459	271568	50200	55188	51985	54518	59675
1600795751789	262766	57384	59303	51115	52396	42566
1600795752114	251649	49627	54101	48455	50898	48566
1600795752457	234620	51131	46233	45128	48180	43947
1600795752787	430872	85039	92733	80445	88584	84069
1600795753123	100842	22107	21514	20211	20238	16770
1600795753447	245790	52561	51824	46854	46481	48067
1600795753788	212665	44366	42636	39334	45328	41000
1600795754116	286335	58810	60612	57929	55920	53060
1600795754451	300591	59041	65489	57373	61561	57125
1600795754781	173557	38021	35387	33133	35321	31693
1600795755120	260085	44781	57097	51790	54424	51991
1600795755452	247286	58358	49810	45490	46701	46924
1600795755781	252802	50583	50215	44079	56550	51373
1600795756114	241237	52693	53420	46885	44615	43621
1600795756447	242630	47981	51378	49942	47765	45561
1600795756784	258706	56175	52035	47970	52160	50364
1600795757130	265254	54419	55595	51121	55687	48430
1600795757447	240384	48987	54072	44381	46611	46331
1600795757785	266056	53908	56961	50665	53230	51289
1600795758159	233791	46318	49221	47844	48743	41663
1600795758452	249952	51518	48941	47187	50720	51583
1600795758806	270127	57553	57598	52629	51918	50426
1600795759158	234446	44752	51144	44832	47886	45829
1600795759456	236550	52956	46734	43077	49083	44697
1600795759790	262745	54550	55808	49664	52497	50224
1600795760120	269172	57218	56824	53084	53948	48096
1600795760450	226906	44036	47712	42275	47227	45654
1600795760781	238157	50290	49072	45936	45697	47160
1600795761117	278202	54767	59339	53410	58568	52116
1600795761447	226009	49145	49327	42721	43803	41012
1600795761805	282606	56494	57248	54374	57692	56796
1600795762114	257330	50938	57737	49427	52559	46666
1600795762449	221632	50725	44588	42328	41991	42000
1600795762796	238423	46095	49913	45893	48576	47945
1600795763126	269387	54345	59048	51106	55360	49527
1600795763488	240933	51748	47091	46870	49019	46204
1600795763781	243904	54412	55679	44013	46232	43566
1600795764116	271898	51543	55940	53122	57232	54059
1600795764458	256409	54008	52160	47687	52090	50461
1600795764782	235003	50666	51459	46527	46608	39740
1600795765114	219210	43051	44731	42078	45114	44234
1600795765457	284116	52667	63434	56373	56180	55460
1600795765784	244039	55801	49195	45385	48287	45370
1600795766130	218225	46014	43398	41904	44456	42450
1600795766447	285208	55936	60757	53921	56791	57801
1600795766781	230928	52158	49380	45059	46386	37943
1600795767116	344713	52602	53394	77964	81671	79080
1600795767448	179698	55421	57668	20915	24295	21397
1600795767781	225576	44468	47177	44024	47009	42897
1600795768148	253250	51016	54130	48463	48675	50964
1600795768447	261829	53712	52230	51719	56979	47187
1600795768781	244811	53041	55122	44200	45982	46464
1600795769142	260168	52440	51692	51518	54030	50487
1600795769448	235686	48732	52091	43748	46490	44624
1600795769789	267041	54322	55137	51146	53712	52721
1600795770118	235118	46699	50322	46151	49468	42477
1600795770447	245252	48610	52595	45750	50996	47297
1600795770786	257241	51112	51250	46094	52755	56029
1600795771119	235009	53888	51936	45834	42465	40882
1600795771480	227116	49296	44047	44634	47193	41944
1600795771783	287699	56280	62339	54966	57894	56217
1600795772114	242006	51577	51190	47577	47697	43963
1600795772481	254307	48452	53705	48242	53057	50850
1600795772783	242109	51089	51188	47738	47228	44864
1600795773115	285602	55207	63882	53180	59572	53759
1600795773474	217529	53183	42228	41172	41740	39203
1600795773781	248566	49690	52289	49677	49830	47078
1600795774125	277491	52316	58049	54290	55944	56889
1600795774455	221993	48990	46457	41851	44366	40327
1600795774785	269796	55363	55824	52078	55618	50912
1600795775114	249848	49027	54823	47310	51036	47650
1600795775447	252297	51582	50249	50693	50906	48864
1600795775829	246070	50379	50821	47450	50248	47170
1600795776137	242162	57620	55051	38769	45675	45045
1600795776447	249445	48748	53119	51406	50651	45519
1600795776785	252695	49579	55192	47115	52275	48532
1600795777117	275885	54530	54840	51448	53367	61698
1600795777449	238545	52484	51295	48072	50262	36430
1600795777781	236183	47304	48219	46822	47448	46388
1600795778117	254214	54041	53779	45943	52348	48101
1600795778447	263606	52996	55581	50900	50209	53918
1600795778782	235289	48901	47865	45955	48170	44397
1600795779114	251198	48503	55804	44743	54114	48033
1600795779447	245843	56891	51327	50282	43192	44150
1600795779802	251011	48061	50707	48769	55377	48095
1600795780137	237191	50928	54997	43588	42758	44919
1600795780467	289696	56460	58300	56106	63309	55521
1600795780781	237659	51455	47649	45359	48152	45041
1600795781114	233330	47618	52714	45900	44588	42507
1600795781447	256966	52510	52555	48855	52171	50873
1600795781785	250449	51816	50863	46085	53281	48402
1600795782114	239671	48066	53340	48683	45580	44000
1600795782447	264234	54588	52849	50339	54831	51624
1600795782787	248008	53123	52141	47311	48208	47223
1600795783134	242760	48487	53936	45487	50766	44083
1600795783452	250399	53710	51399	46386	49672	49229
1600795783781	245559	50486	50136	48948	48547	47440
1600795784114	258054	52480	56705	47447	51774	49645
1600795784447	238234	49870	45240	46837	48990	47294
1600795784794	261201	54239	57285	51544	51801	46331
1600795785115	270554	56330	57744	50423	54719	51336
1600795785450	225791	44447	46367	43420	46289	45265
1600795785781	253927	52199	56422	48438	49024	47842
1600795786118	249409	49584	54091	47124	51353	47255
1600795786449	252818	52072	49589	49625	52954	48577
1600795786781	231774	50698	47030	43816	45412	44816
1600795787142	291623	54903	64961	56163	61108	54487
1600795787447	204983	50675	41000	38154	38226	36927
1600795787805	277578	50960	60631	52759	57689	55536
1600795788116	234810	50540	47463	43363	46996	46446
1600795788460	254206	53276	53901	50258	49563	47206
1600795788816	240202	51106	47474	45126	49963	46530
1600795789129	271348	50616	58332	55396	56869	50134
1600795789447	250588	50031	50292	46484	51757	52022
1600795789792	227284	50698	52185	43191	42220	38988
1600795790114	306363	58965	61319	58925	64496	62655
1600795790447	197351	46918	43351	35138	40039	31903
1600795790793	269040	50751	57312	55078	51421	54476
1600795791121	235743	53850	48932	42560	46149	44250
1600795791447	265717	54978	54972	52745	55058	47963
1600795791795	228870	47100	46089	43227	46818	45635
1600795792114	271031	52492	58915	49545	55451	54626
1600795792462	243905	54284	53261	48025	45293	43040
1600795792781	241169	47394	48805	47592	50642	46733
1600795793114	236378	45870	51615	44657	49282	44951
1600795793482	280592	57105	58711	56885	53002	54885
1600795793784	210860	48572	43135	36619	45880	36652
1600795794114	215457	45357	46463	39790	38148	45696
1600795794461	262123	52867	56795	49034	56544	46881
1600795794782	213258	24766	49052	47127	47757	44554
1600795795114	323352	82174	63213	58246	61102	58614
1600795795453	244053	53061	47687	46530	50418	46353
1600795795783	250727	51093	55721	49121	48148	46642
1600795796119	230366	47535	46270	44842	48151	43565
1600795796462	263067	54970	56163	49032	52877	50023
1600795796787	246230	49913	51956	48560	51015	44784
1600795797115	261155	54926	56448	48515	51335	49929
1600795797450	227268	46364	45253	42874	45086	47689
1600795797792	279146	56815	59646	52035	59125	51523
1600795798122	235709	49581	50757	46436	44700	44233
1600795798448	305230	63248	63503	58966	61343	58168
1600795798787	2858	681	840	595	584	156
1600795799120	0	0	0	0	0	0
1600795799464	0	0	0	0	0	0
1600795799781	0	0	0	0	0	0
1600795800114	0	0	0	0	0	0
1600795800453	0	0	0	0	0	0
1600795800793	0	0	0	0	0	0
1600795801114	0	0	0	0	0	0
1600795801461	0	0	0	0	0	0
1600795801784	0	0	0	0	0	0
1600795802133	0	0	0	0	0	0
1600795802462	0	0	0	0	0	0
1600795802781	0	0	0	0	0	0
1600795803122	0	0	0	0	0	0
1600795803461	0	0	0	0	0	0
1600795803788	0	0	0	0	0	0
1600795804122	0	0	0	0	0	0
1600795804447	0	0	0	0	0	0
1600795804781	0	0	0	0	0	0
1600795805114	0	0	0	0	0	0
1600795805447	0	0	0	0	0	0
1600795805781	0	0	0	0	0	0
1600795806114	0	0	0	0	0	0
1600795806447	0	0	0	0	0	0
1600795806781	0	0	0	0	0	0
1600795807114	0	0	0	0	0	0
1600795807447	0	0	0	0	0	0
1600795807781	0	0	0	0	0	0
1600795808114	0	0	0	0	0	0
1600795808447	0	0	0	0	0	0
1600795808781	0	0	0	0	0	0
1600795809114	0	0	0	0	0	0
1600795809447	0	0	0	0	0	0
